SWMM5 LID Report File

Project:   Example 5 
LID Unit: RG in Subcatchment wRG_P_50

                    	  Elapsed	    Total	    Total	  Surface	 Pavement	     Soil	  Storage	  Surface	    Drain	  Surface	 Pavement	     Soil	  Storage
                    	     Time	   Inflow	     Evap	    Infil	     Perc	     Perc	    Exfil	   Runoff	  OutFlow	    Level	    Level	 Moisture	    Level
Date        Time    	    Hours	    in/hr	    in/hr	    in/hr	    in/hr	    in/hr	    in/hr	    in/hr	    in/hr	   inches	   inches	  Content	   inches
----------- --------	 ---------	 ---------	 ---------	 ---------	 ---------	 ---------	 ---------	 ---------	 ---------	 ---------	 ---------	 ---------	 ---------
 09/13/2014 00:05:00	    0.083	    0.038	   0.0000	    0.038	    0.000	    0.000	    0.000	   0.000	    0.000	    0.000	    0.000	    0.100	    0.000
 09/13/2014 00:10:00	    0.167	    0.040	   0.0000	    0.040	    0.000	    0.000	    0.000	   0.000	    0.000	    0.000	    0.000	    0.101	    0.000
 09/13/2014 00:15:00	    0.250	    0.042	   0.0000	    0.042	    0.000	    0.000	    0.000	   0.000	    0.000	    0.000	    0.000	    0.101	    0.000
 09/13/2014 00:20:00	    0.333	    0.126	   0.0000	    0.126	    0.000	    0.000	    0.000	   0.000	    0.000	    0.000	    0.000	    0.102	    0.000
 09/13/2014 00:25:00	    0.417	    0.139	   0.0000	    0.139	    0.000	    0.000	    0.000	   0.000	    0.000	    0.000	    0.000	    0.103	    0.000
 09/13/2014 00:30:00	    0.500	    0.153	   0.0000	    0.153	    0.000	    0.000	    0.000	   0.000	    0.000	    0.000	    0.000	    0.104	    0.000
 09/13/2014 00:35:00	    0.583	    0.258	   0.0000	    0.258	    0.000	    0.000	    0.000	   0.000	    0.000	    0.000	    0.000	    0.106	    0.000
 09/13/2014 00:40:00	    0.667	    0.330	   0.0000	    0.330	    0.000	    0.000	    0.000	   0.000	    0.000	    0.000	    0.000	    0.108	    0.000
 09/13/2014 00:45:00	    0.750	    0.430	   0.0000	    0.430	    0.000	    0.000	    0.000	   0.000	    0.000	    0.000	    0.000	    0.111	    0.000
 09/13/2014 00:50:00	    0.833	    0.681	   0.0000	    0.681	    0.000	    0.000	    0.000	   0.000	    0.000	    0.000	    0.000	    0.116	    0.000
 09/13/2014 00:55:00	    0.917	    0.859	   0.0000	    0.859	    0.000	    0.000	    0.000	   0.000	    0.000	    0.000	    0.000	    0.121	    0.000
 09/13/2014 01:00:00	    1.000	    1.021	   0.0000	    1.021	    0.000	    0.000	    0.000	   0.000	    0.000	    0.000	    0.000	    0.129	    0.000
 09/13/2014 01:05:00	    1.083	    1.327	   0.0000	    1.327	    0.000	    0.000	    0.000	   0.000	    0.000	    0.000	    0.000	    0.138	    0.000
 09/13/2014 01:10:00	    1.167	    1.520	   0.0000	    1.520	    0.000	    0.000	    0.000	   0.000	    0.000	    0.000	    0.000	    0.148	    0.000
 09/13/2014 01:15:00	    1.250	    1.673	   0.0000	    1.583	    0.000	    0.000	    0.000	   0.000	    0.000	    0.010	    0.000	    0.159	    0.000
 09/13/2014 01:20:00	    1.333	    1.974	   0.0000	    1.411	    0.000	    0.000	    0.000	   0.000	    0.000	    0.072	    0.000	    0.169	    0.000
 09/13/2014 01:25:00	    1.417	    2.146	   0.0000	    1.309	    0.000	    0.000	    0.000	   0.000	    0.000	    0.165	    0.000	    0.178	    0.000
 09/13/2014 01:30:00	    1.500	    2.272	   0.0000	    1.240	    0.000	    0.000	    0.000	   0.000	    0.000	    0.280	    0.000	    0.187	    0.000
 09/13/2014 01:35:00	    1.583	    2.557	   0.0000	    1.193	    0.000	    0.000	    0.000	   0.000	    0.000	    0.432	    0.000	    0.195	    0.000
 09/13/2014 01:40:00	    1.667	    2.709	   0.0000	    1.161	    0.000	    0.000	    0.000	   0.000	    0.000	    0.604	    0.000	    0.203	    0.000
 09/13/2014 01:45:00	    1.750	    2.815	   0.0000	    1.138	    0.000	    0.026	    0.026	   0.000	    0.000	    0.790	    0.000	    0.211	    0.000
 09/13/2014 01:50:00	    1.833	    3.094	   0.0000	    1.122	    0.000	    0.028	    0.028	   0.000	    0.000	    1.009	    0.000	    0.219	    0.000
 09/13/2014 01:55:00	    1.917	    3.234	   0.0000	    1.112	    0.000	    0.030	    0.030	   0.000	    0.000	    1.245	    0.000	    0.226	    0.000
 09/13/2014 02:00:00	    2.000	    3.329	   0.0000	    1.106	    0.000	    0.032	    0.032	   0.000	    0.000	    1.492	    0.000	    0.233	    0.000
 09/13/2014 02:05:00	    2.083	    3.602	   0.0000	    1.102	    0.000	    0.035	    0.035	   0.000	    0.000	    1.769	    0.000	    0.241	    0.000
 09/13/2014 02:10:00	    2.167	    3.735	   0.0000	    1.103	    0.000	    0.037	    0.037	   0.000	    0.000	    2.062	    0.000	    0.248	    0.000
 09/13/2014 02:15:00	    2.250	    3.823	   0.0000	    1.104	    0.000	    0.040	    0.040	   0.000	    0.000	    2.364	    0.000	    0.256	    0.000
 09/13/2014 02:20:00	    2.333	    3.920	   0.0000	    1.107	    0.000	    0.043	    0.043	   0.000	    0.000	    2.677	    0.000	    0.263	    0.000
 09/13/2014 02:25:00	    2.417	    3.974	   0.0000	    1.110	    0.000	    0.047	    0.047	   0.000	    0.000	    2.995	    0.000	    0.270	    0.000
 09/13/2014 02:30:00	    2.500	    4.009	   0.0000	    1.113	    0.000	    0.050	    0.050	   0.000	    0.000	    3.317	    0.000	    0.278	    0.000
 09/13/2014 02:35:00	    2.583	    3.903	   0.0000	    1.117	    0.000	    0.054	    0.054	   0.000	    0.000	    3.626	    0.000	    0.285	    0.000
 09/13/2014 02:40:00	    2.667	    3.863	   0.0000	    1.119	    0.000	    0.058	    0.058	   0.000	    0.000	    3.931	    0.000	    0.293	    0.000
 09/13/2014 02:45:00	    2.750	    3.838	   0.0000	    1.120	    0.000	    0.063	    0.063	   0.000	    0.000	    4.233	    0.000	    0.300	    0.000
 09/13/2014 02:50:00	    2.833	    3.694	   0.0000	    1.121	    0.000	    0.068	    0.068	   0.000	    0.000	    4.519	    0.000	    0.307	    0.000
 09/13/2014 02:55:00	    2.917	    3.631	   0.0000	    1.121	    0.000	    0.073	    0.073	   0.000	    0.000	    4.798	    0.000	    0.315	    0.000
 09/13/2014 03:00:00	    3.000	    3.590	   0.0000	    1.120	    0.000	    0.078	    0.078	   0.000	    0.000	    5.072	    0.000	    0.322	    0.000
 09/13/2014 03:05:00	    3.083	    3.435	   0.0000	    1.119	    0.000	    0.084	    0.084	   0.000	    0.000	    5.330	    0.000	    0.329	    0.000
 09/13/2014 03:10:00	    3.167	    3.364	   0.0000	    1.117	    0.000	    0.090	    0.090	   0.000	    0.000	    5.579	    0.000	    0.336	    0.000
 09/13/2014 03:15:00	    3.250	    3.318	   0.0000	    1.114	    0.000	    0.097	    0.097	   0.000	    0.000	    5.824	    0.000	    0.343	    0.000
 09/13/2014 03:20:00	    3.333	    3.165	   0.0000	    1.111	    0.000	    0.104	    0.104	   0.000	    0.000	    6.052	    0.000	    0.350	    0.000
 09/13/2014 03:25:00	    3.417	    3.093	   0.0000	    1.108	    0.000	    0.112	    0.112	   0.628	    0.000	    6.203	    0.000	    0.357	    0.000
 09/13/2014 03:30:00	    3.500	    3.046	   0.0000	    1.100	    0.000	    0.120	    0.120	   2.437	    0.000	    6.148	    0.000	    0.364	    0.000
 09/13/2014 03:35:00	    3.583	    2.891	   0.0000	    1.080	    0.000	    0.128	    0.128	   1.782	    0.000	    6.152	    0.000	    0.370	    0.000
 09/13/2014 03:40:00	    3.667	    2.818	   0.0000	    1.065	    0.000	    0.137	    0.137	   1.820	    0.000	    6.144	    0.000	    0.377	    0.000
 09/13/2014 03:45:00	    3.750	    2.769	   0.0000	    1.051	    0.000	    0.146	    0.146	   1.730	    0.000	    6.143	    0.000	    0.383	    0.000
 09/13/2014 03:50:00	    3.833	    2.618	   0.0000	    1.037	    0.000	    0.155	    0.155	   1.714	    0.000	    6.128	    0.000	    0.389	    0.000
 09/13/2014 03:55:00	    3.917	    2.545	   0.0000	    1.024	    0.000	    0.165	    0.165	   1.536	    0.000	    6.126	    0.000	    0.395	    0.000
 09/13/2014 04:00:00	    4.000	    2.496	   0.0000	    1.012	    0.000	    0.175	    0.175	   1.517	    0.000	    6.123	    0.000	    0.401	    0.000
 09/13/2014 04:05:00	    4.083	    2.344	   0.0000	    1.001	    0.000	    0.186	    0.186	   1.474	    0.000	    6.108	    0.000	    0.407	    0.000
 09/13/2014 04:10:00	    4.167	    2.271	   0.0000	    0.989	    0.000	    0.197	    0.197	   1.300	    0.000	    6.106	    0.000	    0.412	    0.000
 09/13/2014 04:15:00	    4.250	    2.221	   0.0000	    0.979	    0.000	    0.208	    0.208	   1.276	    0.000	    6.103	    0.000	    0.418	    0.000
 09/13/2014 04:20:00	    4.333	    2.073	   0.0000	    0.970	    0.000	    0.219	    0.219	   1.231	    0.000	    6.088	    0.000	    0.423	    0.000
 09/13/2014 04:25:00	    4.417	    2.001	   0.0000	    0.960	    0.000	    0.231	    0.231	   1.061	    0.000	    6.086	    0.000	    0.428	    0.000
 09/13/2014 04:30:00	    4.500	    1.950	   0.0000	    0.951	    0.000	    0.243	    0.243	   1.034	    0.000	    6.082	    0.000	    0.433	    0.000
 09/13/2014 04:35:00	    4.583	    1.802	   0.0000	    0.943	    0.000	    0.255	    0.255	   0.988	    0.000	    6.068	    0.000	    0.438	    0.000
 09/13/2014 04:40:00	    4.667	    1.730	   0.0000	    0.934	    0.000	    0.268	    0.268	   0.817	    0.000	    6.066	    0.000	    0.442	    0.000
 09/13/2014 04:45:00	    4.750	    1.678	   0.0000	    0.927	    0.000	    0.280	    0.280	   0.788	    0.000	    6.062	    0.000	    0.447	    0.000
 09/13/2014 04:50:00	    4.833	    1.534	   0.0000	    0.919	    0.000	    0.293	    0.293	   0.739	    0.000	    6.048	    0.000	    0.451	    0.000
 09/13/2014 04:55:00	    4.917	    1.463	   0.0000	    0.912	    0.000	    0.306	    0.306	   0.573	    0.000	    6.045	    0.000	    0.455	    0.000
 09/13/2014 05:00:00	    5.000	    1.411	   0.0000	    0.905	    0.000	    0.320	    0.320	   0.543	    0.000	    6.041	    0.000	    0.459	    0.000
 09/13/2014 05:05:00	    5.083	    1.270	   0.0000	    0.898	    0.000	    0.333	    0.333	   0.494	    0.000	    6.028	    0.000	    0.463	    0.000
 09/13/2014 05:10:00	    5.167	    1.200	   0.0000	    0.892	    0.000	    0.346	    0.346	   0.331	    0.000	    6.025	    0.000	    0.467	    0.000
 09/13/2014 05:15:00	    5.250	    1.148	   0.0000	    0.886	    0.000	    0.359	    0.359	   0.300	    0.000	    6.021	    0.000	    0.471	    0.000
 09/13/2014 05:20:00	    5.333	    1.008	   0.0000	    0.880	    0.000	    0.373	    0.373	   0.249	    0.000	    6.007	    0.000	    0.474	    0.000
 09/13/2014 05:25:00	    5.417	    0.937	   0.0000	    0.874	    0.000	    0.386	    0.386	   0.056	    0.000	    6.008	    0.000	    0.478	    0.000
 09/13/2014 05:30:00	    5.500	    0.885	   0.0000	    0.869	    0.000	    0.400	    0.400	   0.067	    0.000	    6.002	    0.000	    0.481	    0.000
 09/13/2014 05:35:00	    5.583	    0.751	   0.0000	    0.863	    0.000	    0.413	    0.413	   0.009	    0.000	    5.989	    0.000	    0.484	    0.000
 09/13/2014 05:40:00	    5.667	    0.683	   0.0000	    0.858	    0.000	    0.426	    0.426	   0.000	    0.000	    5.969	    0.000	    0.487	    0.000
 09/13/2014 05:45:00	    5.750	    0.631	   0.0000	    0.853	    0.000	    0.439	    0.439	   0.000	    0.000	    5.945	    0.000	    0.490	    0.000
 09/13/2014 05:50:00	    5.833	    0.500	   0.0000	    0.847	    0.000	    0.452	    0.452	   0.000	    0.000	    5.906	    0.000	    0.493	    0.000
 09/13/2014 05:55:00	    5.917	    0.435	   0.0000	    0.841	    0.000	    0.464	    0.464	   0.000	    0.000	    5.861	    0.000	    0.495	    0.000
 09/13/2014 06:00:00	    6.000	    0.384	   0.0000	    0.835	    0.000	    0.477	    0.477	   0.000	    0.000	    5.811	    0.000	    0.498	    0.000
 09/13/2014 06:05:00	    6.083	    0.303	   0.0000	    0.822	    0.000	    0.489	    0.489	   0.000	    0.000	    5.753	    0.000	    0.500	    0.000
 09/13/2014 06:10:00	    6.167	    0.256	   0.0000	    0.500	    0.000	    0.500	    0.500	   0.000	    0.000	    5.726	    0.000	    0.500	    0.000
 09/13/2014 06:15:00	    6.250	    0.219	   0.0000	    0.500	    0.000	    0.500	    0.500	   0.000	    0.000	    5.695	    0.000	    0.500	    0.000
 09/13/2014 06:20:00	    6.333	    0.190	   0.0000	    0.500	    0.000	    0.500	    0.500	   0.000	    0.000	    5.660	    0.000	    0.500	    0.000
 09/13/2014 06:25:00	    6.417	    0.165	   0.0000	    0.500	    0.000	    0.500	    0.500	   0.000	    0.000	    5.623	    0.000	    0.500	    0.000
 09/13/2014 06:30:00	    6.500	    0.145	   0.0000	    0.500	    0.000	    0.500	    0.500	   0.000	    0.000	    5.584	    0.000	    0.500	    0.000
 09/13/2014 06:35:00	    6.583	    0.128	   0.0000	    0.500	    0.000	    0.500	    0.500	   0.000	    0.000	    5.542	    0.000	    0.500	    0.000
 09/13/2014 06:40:00	    6.667	    0.114	   0.0000	    0.500	    0.000	    0.500	    0.500	   0.000	    0.000	    5.499	    0.000	    0.500	    0.000
 09/13/2014 06:45:00	    6.750	    0.101	   0.0000	    0.500	    0.000	    0.500	    0.500	   0.000	    0.000	    5.455	    0.000	    0.500	    0.000
 09/13/2014 06:50:00	    6.833	    0.091	   0.0000	    0.500	    0.000	    0.500	    0.500	   0.000	    0.000	    5.410	    0.000	    0.500	    0.000
 09/13/2014 06:55:00	    6.917	    0.082	   0.0000	    0.500	    0.000	    0.500	    0.500	   0.000	    0.000	    5.363	    0.000	    0.500	    0.000
 09/13/2014 07:00:00	    7.000	    0.074	   0.0000	    0.500	    0.000	    0.500	    0.500	   0.000	    0.000	    5.316	    0.000	    0.500	    0.000
 09/13/2014 07:05:00	    7.083	    0.067	   0.0000	    0.500	    0.000	    0.500	    0.500	   0.000	    0.000	    5.268	    0.000	    0.500	    0.000
 09/13/2014 07:10:00	    7.167	    0.061	   0.0000	    0.500	    0.000	    0.500	    0.500	   0.000	    0.000	    5.219	    0.000	    0.500	    0.000
 09/13/2014 07:15:00	    7.250	    0.056	   0.0000	    0.500	    0.000	    0.500	    0.500	   0.000	    0.000	    5.170	    0.000	    0.500	    0.000
 09/13/2014 07:20:00	    7.333	    0.052	   0.0000	    0.500	    0.000	    0.500	    0.500	   0.000	    0.000	    5.120	    0.000	    0.500	    0.000
 09/13/2014 07:25:00	    7.417	    0.047	   0.0000	    0.500	    0.000	    0.500	    0.500	   0.000	    0.000	    5.070	    0.000	    0.500	    0.000
 09/13/2014 07:30:00	    7.500	    0.044	   0.0000	    0.500	    0.000	    0.500	    0.500	   0.000	    0.000	    5.019	    0.000	    0.500	    0.000
 09/13/2014 07:35:00	    7.583	    0.041	   0.0000	    0.500	    0.000	    0.500	    0.500	   0.000	    0.000	    4.968	    0.000	    0.500	    0.000
 09/13/2014 07:40:00	    7.667	    0.038	   0.0000	    0.500	    0.000	    0.500	    0.500	   0.000	    0.000	    4.917	    0.000	    0.500	    0.000
 09/13/2014 07:45:00	    7.750	    0.035	   0.0000	    0.500	    0.000	    0.500	    0.500	   0.000	    0.000	    4.865	    0.000	    0.500	    0.000
 09/13/2014 07:50:00	    7.833	    0.033	   0.0000	    0.500	    0.000	    0.500	    0.500	   0.000	    0.000	    4.813	    0.000	    0.500	    0.000
 09/13/2014 07:55:00	    7.917	    0.030	   0.0000	    0.500	    0.000	    0.500	    0.500	   0.000	    0.000	    4.761	    0.000	    0.500	    0.000
 09/13/2014 08:00:00	    8.000	    0.028	   0.0000	    0.500	    0.000	    0.500	    0.500	   0.000	    0.000	    4.708	    0.000	    0.500	    0.000
 09/13/2014 08:05:00	    8.083	    0.027	   0.0000	    0.500	    0.000	    0.500	    0.500	   0.000	    0.000	    4.656	    0.000	    0.500	    0.000
 09/13/2014 08:10:00	    8.167	    0.025	   0.0000	    0.500	    0.000	    0.500	    0.500	   0.000	    0.000	    4.603	    0.000	    0.500	    0.000
 09/13/2014 08:15:00	    8.250	    0.023	   0.0000	    0.500	    0.000	    0.500	    0.500	   0.000	    0.000	    4.550	    0.000	    0.500	    0.000
 09/13/2014 08:20:00	    8.333	    0.022	   0.0000	    0.500	    0.000	    0.500	    0.500	   0.000	    0.000	    4.497	    0.000	    0.500	    0.000
 09/13/2014 08:25:00	    8.417	    0.021	   0.0000	    0.500	    0.000	    0.500	    0.500	   0.000	    0.000	    4.444	    0.000	    0.500	    0.000
 09/13/2014 08:30:00	    8.500	    0.020	   0.0000	    0.500	    0.000	    0.500	    0.500	   0.000	    0.000	    4.390	    0.000	    0.500	    0.000
 09/13/2014 08:35:00	    8.583	    0.018	   0.0000	    0.500	    0.000	    0.500	    0.500	   0.000	    0.000	    4.337	    0.000	    0.500	    0.000
 09/13/2014 08:40:00	    8.667	    0.017	   0.0000	    0.500	    0.000	    0.500	    0.500	   0.000	    0.000	    4.283	    0.000	    0.500	    0.000
 09/13/2014 08:45:00	    8.750	    0.017	   0.0000	    0.500	    0.000	    0.500	    0.500	   0.000	    0.000	    4.229	    0.000	    0.500	    0.000
 09/13/2014 08:50:00	    8.833	    0.016	   0.0000	    0.500	    0.000	    0.500	    0.500	   0.000	    0.000	    4.176	    0.000	    0.500	    0.000
 09/13/2014 08:55:00	    8.917	    0.015	   0.0000	    0.500	    0.000	    0.500	    0.500	   0.000	    0.000	    4.122	    0.000	    0.500	    0.000
 09/13/2014 09:00:00	    9.000	    0.014	   0.0000	    0.500	    0.000	    0.500	    0.500	   0.000	    0.000	    4.068	    0.000	    0.500	    0.000
 09/13/2014 09:05:00	    9.083	    0.013	   0.0000	    0.500	    0.000	    0.500	    0.500	   0.000	    0.000	    4.014	    0.000	    0.500	    0.000
 09/13/2014 09:10:00	    9.167	    0.013	   0.0000	    0.500	    0.000	    0.500	    0.500	   0.000	    0.000	    3.960	    0.000	    0.500	    0.000
 09/13/2014 09:15:00	    9.250	    0.012	   0.0000	    0.500	    0.000	    0.500	    0.500	   0.000	    0.000	    3.905	    0.000	    0.500	    0.000
 09/13/2014 09:20:00	    9.333	    0.012	   0.0000	    0.500	    0.000	    0.500	    0.500	   0.000	    0.000	    3.851	    0.000	    0.500	    0.000
 09/13/2014 09:25:00	    9.417	    0.011	   0.0000	    0.500	    0.000	    0.500	    0.500	   0.000	    0.000	    3.797	    0.000	    0.500	    0.000
 09/13/2014 09:30:00	    9.500	    0.011	   0.0000	    0.500	    0.000	    0.500	    0.500	   0.000	    0.000	    3.742	    0.000	    0.500	    0.000
 09/13/2014 09:35:00	    9.583	    0.010	   0.0000	    0.500	    0.000	    0.500	    0.500	   0.000	    0.000	    3.688	    0.000	    0.500	    0.000
 09/13/2014 09:40:00	    9.667	    0.010	   0.0000	    0.500	    0.000	    0.500	    0.500	   0.000	    0.000	    3.634	    0.000	    0.500	    0.000
 09/13/2014 09:45:00	    9.750	    0.009	   0.0000	    0.500	    0.000	    0.500	    0.500	   0.000	    0.000	    3.579	    0.000	    0.500	    0.000
 09/13/2014 09:50:00	    9.833	    0.009	   0.0000	    0.500	    0.000	    0.500	    0.500	   0.000	    0.000	    3.524	    0.000	    0.500	    0.000
 09/13/2014 09:55:00	    9.917	    0.009	   0.0000	    0.500	    0.000	    0.500	    0.500	   0.000	    0.000	    3.470	    0.000	    0.500	    0.000
 09/13/2014 10:00:00	   10.000	    0.008	   0.0000	    0.500	    0.000	    0.500	    0.500	   0.000	    0.000	    3.415	    0.000	    0.500	    0.000
 09/13/2014 10:05:00	   10.083	    0.008	   0.0000	    0.500	    0.000	    0.500	    0.500	   0.000	    0.000	    3.361	    0.000	    0.500	    0.000
 09/13/2014 10:10:00	   10.167	    0.008	   0.0000	    0.500	    0.000	    0.500	    0.500	   0.000	    0.000	    3.306	    0.000	    0.500	    0.000
 09/13/2014 10:15:00	   10.250	    0.007	   0.0000	    0.500	    0.000	    0.500	    0.500	   0.000	    0.000	    3.251	    0.000	    0.500	    0.000
 09/13/2014 10:20:00	   10.333	    0.007	   0.0000	    0.500	    0.000	    0.500	    0.500	   0.000	    0.000	    3.196	    0.000	    0.500	    0.000
 09/13/2014 10:25:00	   10.417	    0.007	   0.0000	    0.500	    0.000	    0.500	    0.500	   0.000	    0.000	    3.141	    0.000	    0.500	    0.000
 09/13/2014 10:30:00	   10.500	    0.007	   0.0000	    0.500	    0.000	    0.500	    0.500	   0.000	    0.000	    3.087	    0.000	    0.500	    0.000
 09/13/2014 10:35:00	   10.583	    0.006	   0.0000	    0.500	    0.000	    0.500	    0.500	   0.000	    0.000	    3.032	    0.000	    0.500	    0.000
 09/13/2014 10:40:00	   10.667	    0.006	   0.0000	    0.500	    0.000	    0.500	    0.500	   0.000	    0.000	    2.977	    0.000	    0.500	    0.000
 09/13/2014 10:45:00	   10.750	    0.006	   0.0000	    0.500	    0.000	    0.500	    0.500	   0.000	    0.000	    2.922	    0.000	    0.500	    0.000
 09/13/2014 10:50:00	   10.833	    0.006	   0.0000	    0.500	    0.000	    0.500	    0.500	   0.000	    0.000	    2.867	    0.000	    0.500	    0.000
 09/13/2014 10:55:00	   10.917	    0.005	   0.0000	    0.500	    0.000	    0.500	    0.500	   0.000	    0.000	    2.812	    0.000	    0.500	    0.000
 09/13/2014 11:00:00	   11.000	    0.005	   0.0000	    0.500	    0.000	    0.500	    0.500	   0.000	    0.000	    2.757	    0.000	    0.500	    0.000
 09/13/2014 11:05:00	   11.083	    0.005	   0.0000	    0.500	    0.000	    0.500	    0.500	   0.000	    0.000	    2.702	    0.000	    0.500	    0.000
 09/13/2014 11:10:00	   11.167	    0.005	   0.0000	    0.500	    0.000	    0.500	    0.500	   0.000	    0.000	    2.647	    0.000	    0.500	    0.000
 09/13/2014 11:15:00	   11.250	    0.005	   0.0000	    0.500	    0.000	    0.500	    0.500	   0.000	    0.000	    2.592	    0.000	    0.500	    0.000
 09/13/2014 11:20:00	   11.333	    0.005	   0.0000	    0.500	    0.000	    0.500	    0.500	   0.000	    0.000	    2.537	    0.000	    0.500	    0.000
 09/13/2014 11:25:00	   11.417	    0.004	   0.0000	    0.500	    0.000	    0.500	    0.500	   0.000	    0.000	    2.482	    0.000	    0.500	    0.000
 09/13/2014 11:30:00	   11.500	    0.004	   0.0000	    0.500	    0.000	    0.500	    0.500	   0.000	    0.000	    2.427	    0.000	    0.500	    0.000
 09/13/2014 11:35:00	   11.583	    0.004	   0.0000	    0.500	    0.000	    0.500	    0.500	   0.000	    0.000	    2.372	    0.000	    0.500	    0.000
 09/13/2014 11:40:00	   11.667	    0.004	   0.0000	    0.500	    0.000	    0.500	    0.500	   0.000	    0.000	    2.317	    0.000	    0.500	    0.000
 09/13/2014 11:45:00	   11.750	    0.004	   0.0000	    0.500	    0.000	    0.500	    0.500	   0.000	    0.000	    2.262	    0.000	    0.500	    0.000
 09/13/2014 11:50:00	   11.833	    0.004	   0.0000	    0.500	    0.000	    0.500	    0.500	   0.000	    0.000	    2.207	    0.000	    0.500	    0.000
 09/13/2014 11:55:00	   11.917	    0.004	   0.0000	    0.500	    0.000	    0.500	    0.500	   0.000	    0.000	    2.151	    0.000	    0.500	    0.000
 09/13/2014 12:00:00	   12.000	    0.004	   0.0000	    0.500	    0.000	    0.500	    0.500	   0.000	    0.000	    2.096	    0.000	    0.500	    0.000
 09/13/2014 12:05:00	   12.083	    0.004	   0.0000	    0.500	    0.000	    0.500	    0.500	   0.000	    0.000	    2.041	    0.000	    0.500	    0.000
 09/13/2014 12:10:00	   12.167	    0.003	   0.0000	    0.500	    0.000	    0.500	    0.500	   0.000	    0.000	    1.986	    0.000	    0.500	    0.000
 09/13/2014 12:15:00	   12.250	    0.003	   0.0000	    0.500	    0.000	    0.500	    0.500	   0.000	    0.000	    1.931	    0.000	    0.500	    0.000
 09/13/2014 12:20:00	   12.333	    0.003	   0.0000	    0.500	    0.000	    0.500	    0.500	   0.000	    0.000	    1.876	    0.000	    0.500	    0.000
 09/13/2014 12:25:00	   12.417	    0.003	   0.0000	    0.500	    0.000	    0.500	    0.500	   0.000	    0.000	    1.820	    0.000	    0.500	    0.000
 09/13/2014 12:30:00	   12.500	    0.003	   0.0000	    0.500	    0.000	    0.500	    0.500	   0.000	    0.000	    1.765	    0.000	    0.500	    0.000
 09/13/2014 12:35:00	   12.583	    0.003	   0.0000	    0.500	    0.000	    0.500	    0.500	   0.000	    0.000	    1.710	    0.000	    0.500	    0.000
 09/13/2014 12:40:00	   12.667	    0.003	   0.0000	    0.500	    0.000	    0.500	    0.500	   0.000	    0.000	    1.655	    0.000	    0.500	    0.000
 09/13/2014 12:45:00	   12.750	    0.003	   0.0000	    0.500	    0.000	    0.500	    0.500	   0.000	    0.000	    1.599	    0.000	    0.500	    0.000
 09/13/2014 12:50:00	   12.833	    0.003	   0.0000	    0.500	    0.000	    0.500	    0.500	   0.000	    0.000	    1.544	    0.000	    0.500	    0.000
 09/13/2014 12:55:00	   12.917	    0.003	   0.0000	    0.500	    0.000	    0.500	    0.500	   0.000	    0.000	    1.489	    0.000	    0.500	    0.000
 09/13/2014 13:00:00	   13.000	    0.003	   0.0000	    0.500	    0.000	    0.500	    0.500	   0.000	    0.000	    1.434	    0.000	    0.500	    0.000
 09/13/2014 13:05:00	   13.083	    0.003	   0.0000	    0.500	    0.000	    0.500	    0.500	   0.000	    0.000	    1.378	    0.000	    0.500	    0.000
 09/13/2014 13:10:00	   13.167	    0.002	   0.0000	    0.500	    0.000	    0.500	    0.500	   0.000	    0.000	    1.323	    0.000	    0.500	    0.000
 09/13/2014 13:15:00	   13.250	    0.002	   0.0000	    0.500	    0.000	    0.500	    0.500	   0.000	    0.000	    1.268	    0.000	    0.500	    0.000
 09/13/2014 13:20:00	   13.333	    0.002	   0.0000	    0.500	    0.000	    0.500	    0.500	   0.000	    0.000	    1.212	    0.000	    0.500	    0.000
 09/13/2014 13:25:00	   13.417	    0.002	   0.0000	    0.500	    0.000	    0.500	    0.500	   0.000	    0.000	    1.157	    0.000	    0.500	    0.000
 09/13/2014 13:30:00	   13.500	    0.002	   0.0000	    0.500	    0.000	    0.500	    0.500	   0.000	    0.000	    1.102	    0.000	    0.500	    0.000
 09/13/2014 13:35:00	   13.583	    0.002	   0.0000	    0.500	    0.000	    0.500	    0.500	   0.000	    0.000	    1.047	    0.000	    0.500	    0.000
 09/13/2014 13:40:00	   13.667	    0.002	   0.0000	    0.500	    0.000	    0.500	    0.500	   0.000	    0.000	    0.991	    0.000	    0.500	    0.000
 09/13/2014 13:45:00	   13.750	    0.002	   0.0000	    0.500	    0.000	    0.500	    0.500	   0.000	    0.000	    0.936	    0.000	    0.500	    0.000
 09/13/2014 13:50:00	   13.833	    0.002	   0.0000	    0.500	    0.000	    0.500	    0.500	   0.000	    0.000	    0.881	    0.000	    0.500	    0.000
 09/13/2014 13:55:00	   13.917	    0.002	   0.0000	    0.500	    0.000	    0.500	    0.500	   0.000	    0.000	    0.825	    0.000	    0.500	    0.000
 09/13/2014 14:00:00	   14.000	    0.002	   0.0000	    0.500	    0.000	    0.500	    0.500	   0.000	    0.000	    0.770	    0.000	    0.500	    0.000
 09/13/2014 14:05:00	   14.083	    0.002	   0.0000	    0.500	    0.000	    0.500	    0.500	   0.000	    0.000	    0.715	    0.000	    0.500	    0.000
 09/13/2014 14:10:00	   14.167	    0.002	   0.0000	    0.500	    0.000	    0.500	    0.500	   0.000	    0.000	    0.659	    0.000	    0.500	    0.000
 09/13/2014 14:15:00	   14.250	    0.002	   0.0000	    0.500	    0.000	    0.500	    0.500	   0.000	    0.000	    0.604	    0.000	    0.500	    0.000
 09/13/2014 14:20:00	   14.333	    0.002	   0.0000	    0.500	    0.000	    0.500	    0.500	   0.000	    0.000	    0.549	    0.000	    0.500	    0.000
 09/13/2014 14:25:00	   14.417	    0.002	   0.0000	    0.500	    0.000	    0.500	    0.500	   0.000	    0.000	    0.493	    0.000	    0.500	    0.000
 09/13/2014 14:30:00	   14.500	    0.002	   0.0000	    0.500	    0.000	    0.500	    0.500	   0.000	    0.000	    0.438	    0.000	    0.500	    0.000
 09/13/2014 14:35:00	   14.583	    0.002	   0.0000	    0.500	    0.000	    0.500	    0.500	   0.000	    0.000	    0.382	    0.000	    0.500	    0.000
 09/13/2014 14:40:00	   14.667	    0.002	   0.0000	    0.500	    0.000	    0.500	    0.500	   0.000	    0.000	    0.327	    0.000	    0.500	    0.000
 09/13/2014 14:45:00	   14.750	    0.002	   0.0000	    0.500	    0.000	    0.500	    0.500	   0.000	    0.000	    0.272	    0.000	    0.500	    0.000
 09/13/2014 14:50:00	   14.833	    0.002	   0.0000	    0.500	    0.000	    0.500	    0.500	   0.000	    0.000	    0.216	    0.000	    0.500	    0.000
 09/13/2014 14:55:00	   14.917	    0.002	   0.0000	    0.500	    0.000	    0.500	    0.500	   0.000	    0.000	    0.161	    0.000	    0.500	    0.000
 09/13/2014 15:00:00	   15.000	    0.002	   0.0000	    0.500	    0.000	    0.500	    0.500	   0.000	    0.000	    0.106	    0.000	    0.500	    0.000
 09/13/2014 15:05:00	   15.083	    0.001	   0.0000	    0.500	    0.000	    0.500	    0.500	   0.000	    0.000	    0.050	    0.000	    0.500	    0.000
 09/13/2014 15:10:00	   15.167	    0.001	   0.0000	    0.500	    0.000	    0.500	    0.500	   0.000	    0.000	    0.000	    0.000	    0.500	    0.000
 09/13/2014 15:15:00	   15.250	    0.001	   0.0000	    0.001	    0.000	    0.500	    0.500	   0.000	    0.000	    0.000	    0.000	    0.497	    0.000
 09/13/2014 15:20:00	   15.333	    0.001	   0.0000	    0.001	    0.000	    0.483	    0.483	   0.000	    0.000	    0.000	    0.000	    0.493	    0.000
 09/13/2014 15:25:00	   15.417	    0.001	   0.0000	    0.001	    0.000	    0.467	    0.467	   0.000	    0.000	    0.000	    0.000	    0.490	    0.000
 09/13/2014 15:30:00	   15.500	    0.001	   0.0000	    0.001	    0.000	    0.452	    0.452	   0.000	    0.000	    0.000	    0.000	    0.487	    0.000
 09/13/2014 15:35:00	   15.583	    0.001	   0.0000	    0.001	    0.000	    0.438	    0.438	   0.000	    0.000	    0.000	    0.000	    0.484	    0.000
 09/13/2014 15:40:00	   15.667	    0.001	   0.0000	    0.001	    0.000	    0.425	    0.425	   0.000	    0.000	    0.000	    0.000	    0.481	    0.000
 09/13/2014 15:45:00	   15.750	    0.001	   0.0000	    0.001	    0.000	    0.413	    0.413	   0.000	    0.000	    0.000	    0.000	    0.478	    0.000
 09/13/2014 15:50:00	   15.833	    0.001	   0.0000	    0.001	    0.000	    0.401	    0.401	   0.000	    0.000	    0.000	    0.000	    0.475	    0.000
 09/13/2014 15:55:00	   15.917	    0.001	   0.0000	    0.001	    0.000	    0.390	    0.390	   0.000	    0.000	    0.000	    0.000	    0.473	    0.000
 09/13/2014 16:00:00	   16.000	    0.001	   0.0000	    0.001	    0.000	    0.380	    0.380	   0.000	    0.000	    0.000	    0.000	    0.470	    0.000
 09/13/2014 16:05:00	   16.083	    0.001	   0.0000	    0.001	    0.000	    0.370	    0.370	   0.000	    0.000	    0.000	    0.000	    0.467	    0.000
 09/13/2014 16:10:00	   16.167	    0.001	   0.0000	    0.001	    0.000	    0.361	    0.361	   0.000	    0.000	    0.000	    0.000	    0.465	    0.000
 09/13/2014 16:15:00	   16.250	    0.001	   0.0000	    0.001	    0.000	    0.352	    0.352	   0.000	    0.000	    0.000	    0.000	    0.462	    0.000
 09/13/2014 16:20:00	   16.333	    0.001	   0.0000	    0.001	    0.000	    0.343	    0.343	   0.000	    0.000	    0.000	    0.000	    0.460	    0.000
 09/13/2014 16:25:00	   16.417	    0.001	   0.0000	    0.001	    0.000	    0.335	    0.335	   0.000	    0.000	    0.000	    0.000	    0.458	    0.000
 09/13/2014 16:30:00	   16.500	    0.001	   0.0000	    0.001	    0.000	    0.328	    0.328	   0.000	    0.000	    0.000	    0.000	    0.455	    0.000
 09/13/2014 16:35:00	   16.583	    0.001	   0.0000	    0.001	    0.000	    0.320	    0.320	   0.000	    0.000	    0.000	    0.000	    0.453	    0.000
 09/13/2014 16:40:00	   16.667	    0.001	   0.0000	    0.001	    0.000	    0.313	    0.313	   0.000	    0.000	    0.000	    0.000	    0.451	    0.000
 09/13/2014 16:45:00	   16.750	    0.001	   0.0000	    0.001	    0.000	    0.306	    0.306	   0.000	    0.000	    0.000	    0.000	    0.449	    0.000
 09/13/2014 16:50:00	   16.833	    0.001	   0.0000	    0.001	    0.000	    0.300	    0.300	   0.000	    0.000	    0.000	    0.000	    0.447	    0.000
 09/13/2014 16:55:00	   16.917	    0.001	   0.0000	    0.001	    0.000	    0.294	    0.294	   0.000	    0.000	    0.000	    0.000	    0.445	    0.000
 09/13/2014 17:00:00	   17.000	    0.001	   0.0000	    0.001	    0.000	    0.288	    0.288	   0.000	    0.000	    0.000	    0.000	    0.443	    0.000
 09/13/2014 17:05:00	   17.083	    0.001	   0.0000	    0.001	    0.000	    0.282	    0.282	   0.000	    0.000	    0.000	    0.000	    0.441	    0.000
 09/13/2014 17:10:00	   17.167	    0.001	   0.0000	    0.001	    0.000	    0.277	    0.277	   0.000	    0.000	    0.000	    0.000	    0.439	    0.000
 09/13/2014 17:15:00	   17.250	    0.001	   0.0000	    0.001	    0.000	    0.272	    0.272	   0.000	    0.000	    0.000	    0.000	    0.437	    0.000
 09/13/2014 17:20:00	   17.333	    0.001	   0.0000	    0.001	    0.000	    0.266	    0.266	   0.000	    0.000	    0.000	    0.000	    0.435	    0.000
 09/13/2014 17:25:00	   17.417	    0.001	   0.0000	    0.001	    0.000	    0.262	    0.262	   0.000	    0.000	    0.000	    0.000	    0.433	    0.000
 09/13/2014 17:30:00	   17.500	    0.001	   0.0000	    0.001	    0.000	    0.257	    0.257	   0.000	    0.000	    0.000	    0.000	    0.432	    0.000
 09/13/2014 17:35:00	   17.583	    0.001	   0.0000	    0.001	    0.000	    0.252	    0.252	   0.000	    0.000	    0.000	    0.000	    0.430	    0.000
 09/13/2014 17:40:00	   17.667	    0.001	   0.0000	    0.001	    0.000	    0.248	    0.248	   0.000	    0.000	    0.000	    0.000	    0.428	    0.000
 09/13/2014 17:45:00	   17.750	    0.001	   0.0000	    0.001	    0.000	    0.244	    0.244	   0.000	    0.000	    0.000	    0.000	    0.426	    0.000
 09/13/2014 17:50:00	   17.833	    0.001	   0.0000	    0.001	    0.000	    0.240	    0.240	   0.000	    0.000	    0.000	    0.000	    0.425	    0.000
 09/13/2014 17:55:00	   17.917	    0.001	   0.0000	    0.001	    0.000	    0.236	    0.236	   0.000	    0.000	    0.000	    0.000	    0.423	    0.000
 09/13/2014 18:00:00	   18.000	    0.001	   0.0000	    0.001	    0.000	    0.232	    0.232	   0.000	    0.000	    0.000	    0.000	    0.422	    0.000
 09/13/2014 18:05:00	   18.083	    0.001	   0.0000	    0.001	    0.000	    0.228	    0.228	   0.000	    0.000	    0.000	    0.000	    0.420	    0.000
 09/13/2014 18:10:00	   18.167	    0.001	   0.0000	    0.001	    0.000	    0.225	    0.225	   0.000	    0.000	    0.000	    0.000	    0.418	    0.000
 09/13/2014 18:15:00	   18.250	    0.001	   0.0000	    0.001	    0.000	    0.221	    0.221	   0.000	    0.000	    0.000	    0.000	    0.417	    0.000
 09/13/2014 18:20:00	   18.333	    0.001	   0.0000	    0.001	    0.000	    0.218	    0.218	   0.000	    0.000	    0.000	    0.000	    0.415	    0.000
 09/13/2014 18:25:00	   18.417	    0.001	   0.0000	    0.001	    0.000	    0.215	    0.215	   0.000	    0.000	    0.000	    0.000	    0.414	    0.000
 09/13/2014 18:30:00	   18.500	    0.001	   0.0000	    0.001	    0.000	    0.211	    0.211	   0.000	    0.000	    0.000	    0.000	    0.412	    0.000
 09/13/2014 18:35:00	   18.583	    0.001	   0.0000	    0.001	    0.000	    0.208	    0.208	   0.000	    0.000	    0.000	    0.000	    0.411	    0.000
 09/13/2014 18:40:00	   18.667	    0.001	   0.0000	    0.001	    0.000	    0.205	    0.205	   0.000	    0.000	    0.000	    0.000	    0.410	    0.000
 09/13/2014 18:45:00	   18.750	    0.001	   0.0000	    0.001	    0.000	    0.202	    0.202	   0.000	    0.000	    0.000	    0.000	    0.408	    0.000
 09/13/2014 18:50:00	   18.833	    0.001	   0.0000	    0.001	    0.000	    0.200	    0.200	   0.000	    0.000	    0.000	    0.000	    0.407	    0.000
 09/13/2014 18:55:00	   18.917	    0.001	   0.0000	    0.001	    0.000	    0.197	    0.197	   0.000	    0.000	    0.000	    0.000	    0.405	    0.000
 09/13/2014 19:00:00	   19.000	    0.001	   0.0000	    0.001	    0.000	    0.194	    0.194	   0.000	    0.000	    0.000	    0.000	    0.404	    0.000
 09/13/2014 19:05:00	   19.083	    0.001	   0.0000	    0.001	    0.000	    0.192	    0.192	   0.000	    0.000	    0.000	    0.000	    0.403	    0.000
 09/13/2014 19:10:00	   19.167	    0.001	   0.0000	    0.001	    0.000	    0.189	    0.189	   0.000	    0.000	    0.000	    0.000	    0.401	    0.000
 09/13/2014 19:15:00	   19.250	    0.001	   0.0000	    0.001	    0.000	    0.187	    0.187	   0.000	    0.000	    0.000	    0.000	    0.400	    0.000
 09/13/2014 19:20:00	   19.333	    0.001	   0.0000	    0.001	    0.000	    0.184	    0.184	   0.000	    0.000	    0.000	    0.000	    0.399	    0.000
 09/13/2014 19:25:00	   19.417	    0.001	   0.0000	    0.001	    0.000	    0.182	    0.182	   0.000	    0.000	    0.000	    0.000	    0.398	    0.000
 09/13/2014 19:30:00	   19.500	    0.001	   0.0000	    0.001	    0.000	    0.180	    0.180	   0.000	    0.000	    0.000	    0.000	    0.396	    0.000
 09/13/2014 19:35:00	   19.583	    0.001	   0.0000	    0.001	    0.000	    0.177	    0.177	   0.000	    0.000	    0.000	    0.000	    0.395	    0.000
 09/13/2014 19:40:00	   19.667	    0.001	   0.0000	    0.001	    0.000	    0.175	    0.175	   0.000	    0.000	    0.000	    0.000	    0.394	    0.000
 09/13/2014 19:45:00	   19.750	    0.001	   0.0000	    0.001	    0.000	    0.173	    0.173	   0.000	    0.000	    0.000	    0.000	    0.393	    0.000
 09/13/2014 19:50:00	   19.833	    0.001	   0.0000	    0.001	    0.000	    0.171	    0.171	   0.000	    0.000	    0.000	    0.000	    0.392	    0.000
 09/13/2014 19:55:00	   19.917	    0.001	   0.0000	    0.001	    0.000	    0.169	    0.169	   0.000	    0.000	    0.000	    0.000	    0.390	    0.000
 09/13/2014 20:00:00	   20.000	    0.001	   0.0000	    0.001	    0.000	    0.167	    0.167	   0.000	    0.000	    0.000	    0.000	    0.389	    0.000
 09/13/2014 20:05:00	   20.083	    0.001	   0.0000	    0.001	    0.000	    0.165	    0.165	   0.000	    0.000	    0.000	    0.000	    0.388	    0.000
 09/13/2014 20:10:00	   20.167	    0.001	   0.0000	    0.001	    0.000	    0.163	    0.163	   0.000	    0.000	    0.000	    0.000	    0.387	    0.000
 09/13/2014 20:15:00	   20.250	    0.001	   0.0000	    0.001	    0.000	    0.161	    0.161	   0.000	    0.000	    0.000	    0.000	    0.386	    0.000
 09/13/2014 20:20:00	   20.333	    0.001	   0.0000	    0.001	    0.000	    0.160	    0.160	   0.000	    0.000	    0.000	    0.000	    0.385	    0.000
 09/13/2014 20:25:00	   20.417	    0.001	   0.0000	    0.001	    0.000	    0.158	    0.158	   0.000	    0.000	    0.000	    0.000	    0.384	    0.000
 09/13/2014 20:30:00	   20.500	    0.001	   0.0000	    0.001	    0.000	    0.156	    0.156	   0.000	    0.000	    0.000	    0.000	    0.383	    0.000
 09/13/2014 20:35:00	   20.583	    0.001	   0.0000	    0.001	    0.000	    0.155	    0.155	   0.000	    0.000	    0.000	    0.000	    0.382	    0.000
 09/13/2014 20:40:00	   20.667	    0.000	   0.0000	    0.000	    0.000	    0.153	    0.153	   0.000	    0.000	    0.000	    0.000	    0.380	    0.000
 09/13/2014 20:45:00	   20.750	    0.000	   0.0000	    0.000	    0.000	    0.151	    0.151	   0.000	    0.000	    0.000	    0.000	    0.379	    0.000
 09/13/2014 20:50:00	   20.833	    0.000	   0.0000	    0.000	    0.000	    0.150	    0.150	   0.000	    0.000	    0.000	    0.000	    0.378	    0.000
 09/13/2014 20:55:00	   20.917	    0.000	   0.0000	    0.000	    0.000	    0.148	    0.148	   0.000	    0.000	    0.000	    0.000	    0.377	    0.000
 09/13/2014 21:00:00	   21.000	    0.000	   0.0000	    0.000	    0.000	    0.147	    0.147	   0.000	    0.000	    0.000	    0.000	    0.376	    0.000
 09/13/2014 21:05:00	   21.083	    0.000	   0.0000	    0.000	    0.000	    0.145	    0.145	   0.000	    0.000	    0.000	    0.000	    0.375	    0.000
 09/13/2014 21:10:00	   21.167	    0.000	   0.0000	    0.000	    0.000	    0.144	    0.144	   0.000	    0.000	    0.000	    0.000	    0.374	    0.000
 09/13/2014 21:15:00	   21.250	    0.000	   0.0000	    0.000	    0.000	    0.142	    0.142	   0.000	    0.000	    0.000	    0.000	    0.373	    0.000
 09/13/2014 21:20:00	   21.333	    0.000	   0.0000	    0.000	    0.000	    0.141	    0.141	   0.000	    0.000	    0.000	    0.000	    0.372	    0.000
 09/13/2014 21:25:00	   21.417	    0.000	   0.0000	    0.000	    0.000	    0.140	    0.140	   0.000	    0.000	    0.000	    0.000	    0.371	    0.000
 09/13/2014 21:30:00	   21.500	    0.000	   0.0000	    0.000	    0.000	    0.138	    0.138	   0.000	    0.000	    0.000	    0.000	    0.370	    0.000
 09/13/2014 21:35:00	   21.583	    0.000	   0.0000	    0.000	    0.000	    0.137	    0.137	   0.000	    0.000	    0.000	    0.000	    0.370	    0.000
 09/13/2014 21:40:00	   21.667	    0.000	   0.0000	    0.000	    0.000	    0.136	    0.136	   0.000	    0.000	    0.000	    0.000	    0.369	    0.000
 09/13/2014 21:45:00	   21.750	    0.000	   0.0000	    0.000	    0.000	    0.134	    0.134	   0.000	    0.000	    0.000	    0.000	    0.368	    0.000
 09/13/2014 21:50:00	   21.833	    0.000	   0.0000	    0.000	    0.000	    0.133	    0.133	   0.000	    0.000	    0.000	    0.000	    0.367	    0.000
 09/13/2014 21:55:00	   21.917	    0.000	   0.0000	    0.000	    0.000	    0.132	    0.132	   0.000	    0.000	    0.000	    0.000	    0.366	    0.000
 09/13/2014 22:00:00	   22.000	    0.000	   0.0000	    0.000	    0.000	    0.131	    0.131	   0.000	    0.000	    0.000	    0.000	    0.365	    0.000
 09/13/2014 22:05:00	   22.083	    0.000	   0.0000	    0.000	    0.000	    0.129	    0.129	   0.000	    0.000	    0.000	    0.000	    0.364	    0.000
 09/13/2014 22:10:00	   22.167	    0.000	   0.0000	    0.000	    0.000	    0.128	    0.128	   0.000	    0.000	    0.000	    0.000	    0.363	    0.000
 09/13/2014 22:15:00	   22.250	    0.000	   0.0000	    0.000	    0.000	    0.127	    0.127	   0.000	    0.000	    0.000	    0.000	    0.362	    0.000
 09/13/2014 22:20:00	   22.333	    0.000	   0.0000	    0.000	    0.000	    0.126	    0.126	   0.000	    0.000	    0.000	    0.000	    0.361	    0.000
 09/13/2014 22:25:00	   22.417	    0.000	   0.0000	    0.000	    0.000	    0.125	    0.125	   0.000	    0.000	    0.000	    0.000	    0.360	    0.000
 09/13/2014 22:30:00	   22.500	    0.000	   0.0000	    0.000	    0.000	    0.124	    0.124	   0.000	    0.000	    0.000	    0.000	    0.360	    0.000
 09/13/2014 22:35:00	   22.583	    0.000	   0.0000	    0.000	    0.000	    0.123	    0.123	   0.000	    0.000	    0.000	    0.000	    0.359	    0.000
 09/13/2014 22:40:00	   22.667	    0.000	   0.0000	    0.000	    0.000	    0.122	    0.122	   0.000	    0.000	    0.000	    0.000	    0.358	    0.000
 09/13/2014 22:45:00	   22.750	    0.000	   0.0000	    0.000	    0.000	    0.121	    0.121	   0.000	    0.000	    0.000	    0.000	    0.357	    0.000
 09/13/2014 22:50:00	   22.833	    0.000	   0.0000	    0.000	    0.000	    0.120	    0.120	   0.000	    0.000	    0.000	    0.000	    0.356	    0.000
 09/13/2014 22:55:00	   22.917	    0.000	   0.0000	    0.000	    0.000	    0.119	    0.119	   0.000	    0.000	    0.000	    0.000	    0.355	    0.000
 09/13/2014 23:00:00	   23.000	    0.000	   0.0000	    0.000	    0.000	    0.118	    0.118	   0.000	    0.000	    0.000	    0.000	    0.355	    0.000
 09/13/2014 23:05:00	   23.083	    0.000	   0.0000	    0.000	    0.000	    0.117	    0.117	   0.000	    0.000	    0.000	    0.000	    0.354	    0.000
 09/13/2014 23:10:00	   23.167	    0.000	   0.0000	    0.000	    0.000	    0.116	    0.116	   0.000	    0.000	    0.000	    0.000	    0.353	    0.000
 09/13/2014 23:15:00	   23.250	    0.000	   0.0000	    0.000	    0.000	    0.115	    0.115	   0.000	    0.000	    0.000	    0.000	    0.352	    0.000
 09/13/2014 23:20:00	   23.333	    0.000	   0.0000	    0.000	    0.000	    0.114	    0.114	   0.000	    0.000	    0.000	    0.000	    0.351	    0.000
 09/13/2014 23:25:00	   23.417	    0.000	   0.0000	    0.000	    0.000	    0.113	    0.113	   0.000	    0.000	    0.000	    0.000	    0.351	    0.000
 09/13/2014 23:30:00	   23.500	    0.000	   0.0000	    0.000	    0.000	    0.112	    0.112	   0.000	    0.000	    0.000	    0.000	    0.350	    0.000
 09/13/2014 23:35:00	   23.583	    0.000	   0.0000	    0.000	    0.000	    0.111	    0.111	   0.000	    0.000	    0.000	    0.000	    0.349	    0.000
 09/13/2014 23:40:00	   23.667	    0.000	   0.0000	    0.000	    0.000	    0.111	    0.111	   0.000	    0.000	    0.000	    0.000	    0.348	    0.000
 09/13/2014 23:45:00	   23.750	    0.000	   0.0000	    0.000	    0.000	    0.110	    0.110	   0.000	    0.000	    0.000	    0.000	    0.348	    0.000
 09/13/2014 23:50:00	   23.833	    0.000	   0.0000	    0.000	    0.000	    0.109	    0.109	   0.000	    0.000	    0.000	    0.000	    0.347	    0.000
 09/13/2014 23:55:00	   23.917	    0.000	   0.0000	    0.000	    0.000	    0.108	    0.108	   0.000	    0.000	    0.000	    0.000	    0.346	    0.000
 09/14/2014 00:00:00	   24.000	    0.000	   0.0000	    0.000	    0.000	    0.107	    0.107	   0.000	    0.000	    0.000	    0.000	    0.345	    0.000
 09/14/2014 00:05:00	   24.083	    0.000	   0.0000	    0.000	    0.000	    0.106	    0.106	   0.000	    0.000	    0.000	    0.000	    0.345	    0.000
 09/14/2014 00:10:00	   24.167	    0.000	   0.0000	    0.000	    0.000	    0.106	    0.106	   0.000	    0.000	    0.000	    0.000	    0.344	    0.000
 09/14/2014 00:15:00	   24.250	    0.000	   0.0000	    0.000	    0.000	    0.105	    0.105	   0.000	    0.000	    0.000	    0.000	    0.343	    0.000
 09/14/2014 00:20:00	   24.333	    0.000	   0.0000	    0.000	    0.000	    0.104	    0.104	   0.000	    0.000	    0.000	    0.000	    0.342	    0.000
 09/14/2014 00:25:00	   24.417	    0.000	   0.0000	    0.000	    0.000	    0.103	    0.103	   0.000	    0.000	    0.000	    0.000	    0.342	    0.000
 09/14/2014 00:30:00	   24.500	    0.000	   0.0000	    0.000	    0.000	    0.103	    0.103	   0.000	    0.000	    0.000	    0.000	    0.341	    0.000
 09/14/2014 00:35:00	   24.583	    0.000	   0.0000	    0.000	    0.000	    0.102	    0.102	   0.000	    0.000	    0.000	    0.000	    0.340	    0.000
 09/14/2014 00:40:00	   24.667	    0.000	   0.0000	    0.000	    0.000	    0.101	    0.101	   0.000	    0.000	    0.000	    0.000	    0.340	    0.000
 09/14/2014 00:45:00	   24.750	    0.000	   0.0000	    0.000	    0.000	    0.101	    0.101	   0.000	    0.000	    0.000	    0.000	    0.339	    0.000
 09/14/2014 00:50:00	   24.833	    0.000	   0.0000	    0.000	    0.000	    0.100	    0.100	   0.000	    0.000	    0.000	    0.000	    0.338	    0.000
 09/14/2014 00:55:00	   24.917	    0.000	   0.0000	    0.000	    0.000	    0.099	    0.099	   0.000	    0.000	    0.000	    0.000	    0.338	    0.000
 09/14/2014 01:00:00	   25.000	    0.000	   0.0000	    0.000	    0.000	    0.098	    0.098	   0.000	    0.000	    0.000	    0.000	    0.337	    0.000
 09/14/2014 01:05:00	   25.083	    0.000	   0.0000	    0.000	    0.000	    0.098	    0.098	   0.000	    0.000	    0.000	    0.000	    0.336	    0.000
 09/14/2014 01:10:00	   25.167	    0.000	   0.0000	    0.000	    0.000	    0.097	    0.097	   0.000	    0.000	    0.000	    0.000	    0.335	    0.000
 09/14/2014 01:15:00	   25.250	    0.000	   0.0000	    0.000	    0.000	    0.096	    0.096	   0.000	    0.000	    0.000	    0.000	    0.335	    0.000
 09/14/2014 01:20:00	   25.333	    0.000	   0.0000	    0.000	    0.000	    0.096	    0.096	   0.000	    0.000	    0.000	    0.000	    0.334	    0.000
 09/14/2014 01:25:00	   25.417	    0.000	   0.0000	    0.000	    0.000	    0.095	    0.095	   0.000	    0.000	    0.000	    0.000	    0.333	    0.000
 09/14/2014 01:30:00	   25.500	    0.000	   0.0000	    0.000	    0.000	    0.095	    0.095	   0.000	    0.000	    0.000	    0.000	    0.333	    0.000
 09/14/2014 01:35:00	   25.583	    0.000	   0.0000	    0.000	    0.000	    0.094	    0.094	   0.000	    0.000	    0.000	    0.000	    0.332	    0.000
 09/14/2014 01:40:00	   25.667	    0.000	   0.0000	    0.000	    0.000	    0.093	    0.093	   0.000	    0.000	    0.000	    0.000	    0.332	    0.000
 09/14/2014 01:45:00	   25.750	    0.000	   0.0000	    0.000	    0.000	    0.093	    0.093	   0.000	    0.000	    0.000	    0.000	    0.331	    0.000
 09/14/2014 01:50:00	   25.833	    0.000	   0.0000	    0.000	    0.000	    0.092	    0.092	   0.000	    0.000	    0.000	    0.000	    0.330	    0.000
 09/14/2014 01:55:00	   25.917	    0.000	   0.0000	    0.000	    0.000	    0.092	    0.092	   0.000	    0.000	    0.000	    0.000	    0.330	    0.000
 09/14/2014 02:00:00	   26.000	    0.000	   0.0000	    0.000	    0.000	    0.091	    0.091	   0.000	    0.000	    0.000	    0.000	    0.329	    0.000
 09/14/2014 02:05:00	   26.083	    0.000	   0.0000	    0.000	    0.000	    0.090	    0.090	   0.000	    0.000	    0.000	    0.000	    0.328	    0.000
 09/14/2014 02:10:00	   26.167	    0.000	   0.0000	    0.000	    0.000	    0.090	    0.090	   0.000	    0.000	    0.000	    0.000	    0.328	    0.000
 09/14/2014 02:15:00	   26.250	    0.000	   0.0000	    0.000	    0.000	    0.089	    0.089	   0.000	    0.000	    0.000	    0.000	    0.327	    0.000
 09/14/2014 02:20:00	   26.333	    0.000	   0.0000	    0.000	    0.000	    0.089	    0.089	   0.000	    0.000	    0.000	    0.000	    0.327	    0.000
 09/14/2014 02:25:00	   26.417	    0.000	   0.0000	    0.000	    0.000	    0.088	    0.088	   0.000	    0.000	    0.000	    0.000	    0.326	    0.000
 09/14/2014 02:30:00	   26.500	    0.000	   0.0000	    0.000	    0.000	    0.088	    0.088	   0.000	    0.000	    0.000	    0.000	    0.325	    0.000
 09/14/2014 02:35:00	   26.583	    0.000	   0.0000	    0.000	    0.000	    0.087	    0.087	   0.000	    0.000	    0.000	    0.000	    0.325	    0.000
 09/14/2014 02:40:00	   26.667	    0.000	   0.0000	    0.000	    0.000	    0.087	    0.087	   0.000	    0.000	    0.000	    0.000	    0.324	    0.000
 09/14/2014 02:45:00	   26.750	    0.000	   0.0000	    0.000	    0.000	    0.086	    0.086	   0.000	    0.000	    0.000	    0.000	    0.323	    0.000
 09/14/2014 02:50:00	   26.833	    0.000	   0.0000	    0.000	    0.000	    0.086	    0.086	   0.000	    0.000	    0.000	    0.000	    0.323	    0.000
 09/14/2014 02:55:00	   26.917	    0.000	   0.0000	    0.000	    0.000	    0.085	    0.085	   0.000	    0.000	    0.000	    0.000	    0.322	    0.000
 09/14/2014 03:00:00	   27.000	    0.000	   0.0000	    0.000	    0.000	    0.085	    0.085	   0.000	    0.000	    0.000	    0.000	    0.322	    0.000
 09/14/2014 03:05:00	   27.083	    0.000	   0.0000	    0.000	    0.000	    0.084	    0.084	   0.000	    0.000	    0.000	    0.000	    0.321	    0.000
 09/14/2014 03:10:00	   27.167	    0.000	   0.0000	    0.000	    0.000	    0.084	    0.084	   0.000	    0.000	    0.000	    0.000	    0.321	    0.000
 09/14/2014 03:15:00	   27.250	    0.000	   0.0000	    0.000	    0.000	    0.083	    0.083	   0.000	    0.000	    0.000	    0.000	    0.320	    0.000
 09/14/2014 03:20:00	   27.333	    0.000	   0.0000	    0.000	    0.000	    0.083	    0.083	   0.000	    0.000	    0.000	    0.000	    0.319	    0.000
 09/14/2014 03:25:00	   27.417	    0.000	   0.0000	    0.000	    0.000	    0.082	    0.082	   0.000	    0.000	    0.000	    0.000	    0.319	    0.000
 09/14/2014 03:30:00	   27.500	    0.000	   0.0000	    0.000	    0.000	    0.082	    0.082	   0.000	    0.000	    0.000	    0.000	    0.318	    0.000
 09/14/2014 03:35:00	   27.583	    0.000	   0.0000	    0.000	    0.000	    0.081	    0.081	   0.000	    0.000	    0.000	    0.000	    0.318	    0.000
 09/14/2014 03:40:00	   27.667	    0.000	   0.0000	    0.000	    0.000	    0.081	    0.081	   0.000	    0.000	    0.000	    0.000	    0.317	    0.000
 09/14/2014 03:45:00	   27.750	    0.000	   0.0000	    0.000	    0.000	    0.080	    0.080	   0.000	    0.000	    0.000	    0.000	    0.317	    0.000
 09/14/2014 03:50:00	   27.833	    0.000	   0.0000	    0.000	    0.000	    0.080	    0.080	   0.000	    0.000	    0.000	    0.000	    0.316	    0.000
 09/14/2014 03:55:00	   27.917	    0.000	   0.0000	    0.000	    0.000	    0.079	    0.079	   0.000	    0.000	    0.000	    0.000	    0.315	    0.000
 09/14/2014 04:00:00	   28.000	    0.000	   0.0000	    0.000	    0.000	    0.079	    0.079	   0.000	    0.000	    0.000	    0.000	    0.315	    0.000
 09/14/2014 04:05:00	   28.083	    0.000	   0.0000	    0.000	    0.000	    0.079	    0.079	   0.000	    0.000	    0.000	    0.000	    0.314	    0.000
 09/14/2014 04:10:00	   28.167	    0.000	   0.0000	    0.000	    0.000	    0.078	    0.078	   0.000	    0.000	    0.000	    0.000	    0.314	    0.000
 09/14/2014 04:15:00	   28.250	    0.000	   0.0000	    0.000	    0.000	    0.078	    0.078	   0.000	    0.000	    0.000	    0.000	    0.313	    0.000
 09/14/2014 04:20:00	   28.333	    0.000	   0.0000	    0.000	    0.000	    0.077	    0.077	   0.000	    0.000	    0.000	    0.000	    0.313	    0.000
 09/14/2014 04:25:00	   28.417	    0.000	   0.0000	    0.000	    0.000	    0.077	    0.077	   0.000	    0.000	    0.000	    0.000	    0.312	    0.000
 09/14/2014 04:30:00	   28.500	    0.000	   0.0000	    0.000	    0.000	    0.076	    0.076	   0.000	    0.000	    0.000	    0.000	    0.312	    0.000
 09/14/2014 04:35:00	   28.583	    0.000	   0.0000	    0.000	    0.000	    0.076	    0.076	   0.000	    0.000	    0.000	    0.000	    0.311	    0.000
 09/14/2014 04:40:00	   28.667	    0.000	   0.0000	    0.000	    0.000	    0.076	    0.076	   0.000	    0.000	    0.000	    0.000	    0.311	    0.000
 09/14/2014 04:45:00	   28.750	    0.000	   0.0000	    0.000	    0.000	    0.075	    0.075	   0.000	    0.000	    0.000	    0.000	    0.310	    0.000
 09/14/2014 04:50:00	   28.833	    0.000	   0.0000	    0.000	    0.000	    0.075	    0.075	   0.000	    0.000	    0.000	    0.000	    0.310	    0.000
 09/14/2014 04:55:00	   28.917	    0.000	   0.0000	    0.000	    0.000	    0.075	    0.075	   0.000	    0.000	    0.000	    0.000	    0.309	    0.000
 09/14/2014 05:00:00	   29.000	    0.000	   0.0000	    0.000	    0.000	    0.074	    0.074	   0.000	    0.000	    0.000	    0.000	    0.309	    0.000
 09/14/2014 05:05:00	   29.083	    0.000	   0.0000	    0.000	    0.000	    0.074	    0.074	   0.000	    0.000	    0.000	    0.000	    0.308	    0.000
 09/14/2014 05:10:00	   29.167	    0.000	   0.0000	    0.000	    0.000	    0.073	    0.073	   0.000	    0.000	    0.000	    0.000	    0.308	    0.000
 09/14/2014 05:15:00	   29.250	    0.000	   0.0000	    0.000	    0.000	    0.073	    0.073	   0.000	    0.000	    0.000	    0.000	    0.307	    0.000
 09/14/2014 05:20:00	   29.333	    0.000	   0.0000	    0.000	    0.000	    0.073	    0.073	   0.000	    0.000	    0.000	    0.000	    0.307	    0.000
 09/14/2014 05:25:00	   29.417	    0.000	   0.0000	    0.000	    0.000	    0.072	    0.072	   0.000	    0.000	    0.000	    0.000	    0.306	    0.000
 09/14/2014 05:30:00	   29.500	    0.000	   0.0000	    0.000	    0.000	    0.072	    0.072	   0.000	    0.000	    0.000	    0.000	    0.306	    0.000
 09/14/2014 05:35:00	   29.583	    0.000	   0.0000	    0.000	    0.000	    0.072	    0.072	   0.000	    0.000	    0.000	    0.000	    0.305	    0.000
 09/14/2014 05:40:00	   29.667	    0.000	   0.0000	    0.000	    0.000	    0.071	    0.071	   0.000	    0.000	    0.000	    0.000	    0.305	    0.000
 09/14/2014 05:45:00	   29.750	    0.000	   0.0000	    0.000	    0.000	    0.071	    0.071	   0.000	    0.000	    0.000	    0.000	    0.304	    0.000
 09/14/2014 05:50:00	   29.833	    0.000	   0.0000	    0.000	    0.000	    0.070	    0.070	   0.000	    0.000	    0.000	    0.000	    0.304	    0.000
 09/14/2014 05:55:00	   29.917	    0.000	   0.0000	    0.000	    0.000	    0.070	    0.070	   0.000	    0.000	    0.000	    0.000	    0.303	    0.000
 09/14/2014 06:00:00	   30.000	    0.000	   0.0000	    0.000	    0.000	    0.070	    0.070	   0.000	    0.000	    0.000	    0.000	    0.303	    0.000
 09/14/2014 06:05:00	   30.083	    0.000	   0.0000	    0.000	    0.000	    0.069	    0.069	   0.000	    0.000	    0.000	    0.000	    0.302	    0.000
 09/14/2014 06:10:00	   30.167	    0.000	   0.0000	    0.000	    0.000	    0.069	    0.069	   0.000	    0.000	    0.000	    0.000	    0.302	    0.000
 09/14/2014 06:15:00	   30.250	    0.000	   0.0000	    0.000	    0.000	    0.069	    0.069	   0.000	    0.000	    0.000	    0.000	    0.301	    0.000
 09/14/2014 06:20:00	   30.333	    0.000	   0.0000	    0.000	    0.000	    0.068	    0.068	   0.000	    0.000	    0.000	    0.000	    0.301	    0.000
 09/14/2014 06:25:00	   30.417	    0.000	   0.0000	    0.000	    0.000	    0.068	    0.068	   0.000	    0.000	    0.000	    0.000	    0.300	    0.000
 09/14/2014 06:30:00	   30.500	    0.000	   0.0000	    0.000	    0.000	    0.068	    0.068	   0.000	    0.000	    0.000	    0.000	    0.300	    0.000
 09/14/2014 06:35:00	   30.583	    0.000	   0.0000	    0.000	    0.000	    0.068	    0.068	   0.000	    0.000	    0.000	    0.000	    0.299	    0.000
 09/14/2014 06:40:00	   30.667	    0.000	   0.0000	    0.000	    0.000	    0.067	    0.067	   0.000	    0.000	    0.000	    0.000	    0.299	    0.000
 09/14/2014 06:45:00	   30.750	    0.000	   0.0000	    0.000	    0.000	    0.067	    0.067	   0.000	    0.000	    0.000	    0.000	    0.298	    0.000
 09/14/2014 06:50:00	   30.833	    0.000	   0.0000	    0.000	    0.000	    0.067	    0.067	   0.000	    0.000	    0.000	    0.000	    0.298	    0.000
 09/14/2014 06:55:00	   30.917	    0.000	   0.0000	    0.000	    0.000	    0.066	    0.066	   0.000	    0.000	    0.000	    0.000	    0.297	    0.000
 09/14/2014 07:00:00	   31.000	    0.000	   0.0000	    0.000	    0.000	    0.066	    0.066	   0.000	    0.000	    0.000	    0.000	    0.297	    0.000
 09/14/2014 07:05:00	   31.083	    0.000	   0.0000	    0.000	    0.000	    0.066	    0.066	   0.000	    0.000	    0.000	    0.000	    0.297	    0.000
 09/14/2014 07:10:00	   31.167	    0.000	   0.0000	    0.000	    0.000	    0.065	    0.065	   0.000	    0.000	    0.000	    0.000	    0.296	    0.000
 09/14/2014 07:15:00	   31.250	    0.000	   0.0000	    0.000	    0.000	    0.065	    0.065	   0.000	    0.000	    0.000	    0.000	    0.296	    0.000
 09/14/2014 07:20:00	   31.333	    0.000	   0.0000	    0.000	    0.000	    0.065	    0.065	   0.000	    0.000	    0.000	    0.000	    0.295	    0.000
 09/14/2014 07:25:00	   31.417	    0.000	   0.0000	    0.000	    0.000	    0.064	    0.064	   0.000	    0.000	    0.000	    0.000	    0.295	    0.000
 09/14/2014 07:30:00	   31.500	    0.000	   0.0000	    0.000	    0.000	    0.064	    0.064	   0.000	    0.000	    0.000	    0.000	    0.294	    0.000
 09/14/2014 07:35:00	   31.583	    0.000	   0.0000	    0.000	    0.000	    0.064	    0.064	   0.000	    0.000	    0.000	    0.000	    0.294	    0.000
 09/14/2014 07:40:00	   31.667	    0.000	   0.0000	    0.000	    0.000	    0.064	    0.064	   0.000	    0.000	    0.000	    0.000	    0.293	    0.000
 09/14/2014 07:45:00	   31.750	    0.000	   0.0000	    0.000	    0.000	    0.063	    0.063	   0.000	    0.000	    0.000	    0.000	    0.293	    0.000
 09/14/2014 07:50:00	   31.833	    0.000	   0.0000	    0.000	    0.000	    0.063	    0.063	   0.000	    0.000	    0.000	    0.000	    0.293	    0.000
 09/14/2014 07:55:00	   31.917	    0.000	   0.0000	    0.000	    0.000	    0.063	    0.063	   0.000	    0.000	    0.000	    0.000	    0.292	    0.000
 09/14/2014 08:00:00	   32.000	    0.000	   0.0000	    0.000	    0.000	    0.063	    0.063	   0.000	    0.000	    0.000	    0.000	    0.292	    0.000
 09/14/2014 08:05:00	   32.083	    0.000	   0.0000	    0.000	    0.000	    0.062	    0.062	   0.000	    0.000	    0.000	    0.000	    0.291	    0.000
 09/14/2014 08:10:00	   32.167	    0.000	   0.0000	    0.000	    0.000	    0.062	    0.062	   0.000	    0.000	    0.000	    0.000	    0.291	    0.000
 09/14/2014 08:15:00	   32.250	    0.000	   0.0000	    0.000	    0.000	    0.062	    0.062	   0.000	    0.000	    0.000	    0.000	    0.290	    0.000
 09/14/2014 08:20:00	   32.333	    0.000	   0.0000	    0.000	    0.000	    0.061	    0.061	   0.000	    0.000	    0.000	    0.000	    0.290	    0.000
 09/14/2014 08:25:00	   32.417	    0.000	   0.0000	    0.000	    0.000	    0.061	    0.061	   0.000	    0.000	    0.000	    0.000	    0.290	    0.000
 09/14/2014 08:30:00	   32.500	    0.000	   0.0000	    0.000	    0.000	    0.061	    0.061	   0.000	    0.000	    0.000	    0.000	    0.289	    0.000
 09/14/2014 08:35:00	   32.583	    0.000	   0.0000	    0.000	    0.000	    0.061	    0.061	   0.000	    0.000	    0.000	    0.000	    0.289	    0.000
 09/14/2014 08:40:00	   32.667	    0.000	   0.0000	    0.000	    0.000	    0.060	    0.060	   0.000	    0.000	    0.000	    0.000	    0.288	    0.000
 09/14/2014 08:45:00	   32.750	    0.000	   0.0000	    0.000	    0.000	    0.060	    0.060	   0.000	    0.000	    0.000	    0.000	    0.288	    0.000
 09/14/2014 08:50:00	   32.833	    0.000	   0.0000	    0.000	    0.000	    0.060	    0.060	   0.000	    0.000	    0.000	    0.000	    0.287	    0.000
 09/14/2014 08:55:00	   32.917	    0.000	   0.0000	    0.000	    0.000	    0.060	    0.060	   0.000	    0.000	    0.000	    0.000	    0.287	    0.000
 09/14/2014 09:00:00	   33.000	    0.000	   0.0000	    0.000	    0.000	    0.059	    0.059	   0.000	    0.000	    0.000	    0.000	    0.287	    0.000
 09/14/2014 09:05:00	   33.083	    0.000	   0.0000	    0.000	    0.000	    0.059	    0.059	   0.000	    0.000	    0.000	    0.000	    0.286	    0.000
 09/14/2014 09:10:00	   33.167	    0.000	   0.0000	    0.000	    0.000	    0.059	    0.059	   0.000	    0.000	    0.000	    0.000	    0.286	    0.000
 09/14/2014 09:15:00	   33.250	    0.000	   0.0000	    0.000	    0.000	    0.059	    0.059	   0.000	    0.000	    0.000	    0.000	    0.285	    0.000
 09/14/2014 09:20:00	   33.333	    0.000	   0.0000	    0.000	    0.000	    0.058	    0.058	   0.000	    0.000	    0.000	    0.000	    0.285	    0.000
 09/14/2014 09:25:00	   33.417	    0.000	   0.0000	    0.000	    0.000	    0.058	    0.058	   0.000	    0.000	    0.000	    0.000	    0.285	    0.000
 09/14/2014 09:30:00	   33.500	    0.000	   0.0000	    0.000	    0.000	    0.058	    0.058	   0.000	    0.000	    0.000	    0.000	    0.284	    0.000
 09/14/2014 09:35:00	   33.583	    0.000	   0.0000	    0.000	    0.000	    0.058	    0.058	   0.000	    0.000	    0.000	    0.000	    0.284	    0.000
 09/14/2014 09:40:00	   33.667	    0.000	   0.0000	    0.000	    0.000	    0.058	    0.058	   0.000	    0.000	    0.000	    0.000	    0.283	    0.000
 09/14/2014 09:45:00	   33.750	    0.000	   0.0000	    0.000	    0.000	    0.057	    0.057	   0.000	    0.000	    0.000	    0.000	    0.283	    0.000
 09/14/2014 09:50:00	   33.833	    0.000	   0.0000	    0.000	    0.000	    0.057	    0.057	   0.000	    0.000	    0.000	    0.000	    0.283	    0.000
 09/14/2014 09:55:00	   33.917	    0.000	   0.0000	    0.000	    0.000	    0.057	    0.057	   0.000	    0.000	    0.000	    0.000	    0.282	    0.000
 09/14/2014 10:00:00	   34.000	    0.000	   0.0000	    0.000	    0.000	    0.057	    0.057	   0.000	    0.000	    0.000	    0.000	    0.282	    0.000
 09/14/2014 10:05:00	   34.083	    0.000	   0.0000	    0.000	    0.000	    0.056	    0.056	   0.000	    0.000	    0.000	    0.000	    0.281	    0.000
 09/14/2014 10:10:00	   34.167	    0.000	   0.0000	    0.000	    0.000	    0.056	    0.056	   0.000	    0.000	    0.000	    0.000	    0.281	    0.000
 09/14/2014 10:15:00	   34.250	    0.000	   0.0000	    0.000	    0.000	    0.056	    0.056	   0.000	    0.000	    0.000	    0.000	    0.281	    0.000
 09/14/2014 10:20:00	   34.333	    0.000	   0.0000	    0.000	    0.000	    0.056	    0.056	   0.000	    0.000	    0.000	    0.000	    0.280	    0.000
 09/14/2014 10:25:00	   34.417	    0.000	   0.0000	    0.000	    0.000	    0.056	    0.056	   0.000	    0.000	    0.000	    0.000	    0.280	    0.000
 09/14/2014 10:30:00	   34.500	    0.000	   0.0000	    0.000	    0.000	    0.055	    0.055	   0.000	    0.000	    0.000	    0.000	    0.279	    0.000
 09/14/2014 10:35:00	   34.583	    0.000	   0.0000	    0.000	    0.000	    0.055	    0.055	   0.000	    0.000	    0.000	    0.000	    0.279	    0.000
 09/14/2014 10:40:00	   34.667	    0.000	   0.0000	    0.000	    0.000	    0.055	    0.055	   0.000	    0.000	    0.000	    0.000	    0.279	    0.000
 09/14/2014 10:45:00	   34.750	    0.000	   0.0000	    0.000	    0.000	    0.055	    0.055	   0.000	    0.000	    0.000	    0.000	    0.278	    0.000
 09/14/2014 10:50:00	   34.833	    0.000	   0.0000	    0.000	    0.000	    0.054	    0.054	   0.000	    0.000	    0.000	    0.000	    0.278	    0.000
 09/14/2014 10:55:00	   34.917	    0.000	   0.0000	    0.000	    0.000	    0.054	    0.054	   0.000	    0.000	    0.000	    0.000	    0.278	    0.000
 09/14/2014 11:00:00	   35.000	    0.000	   0.0000	    0.000	    0.000	    0.054	    0.054	   0.000	    0.000	    0.000	    0.000	    0.277	    0.000
 09/14/2014 11:05:00	   35.083	    0.000	   0.0000	    0.000	    0.000	    0.054	    0.054	   0.000	    0.000	    0.000	    0.000	    0.277	    0.000
 09/14/2014 11:10:00	   35.167	    0.000	   0.0000	    0.000	    0.000	    0.054	    0.054	   0.000	    0.000	    0.000	    0.000	    0.276	    0.000
 09/14/2014 11:15:00	   35.250	    0.000	   0.0000	    0.000	    0.000	    0.053	    0.053	   0.000	    0.000	    0.000	    0.000	    0.276	    0.000
 09/14/2014 11:20:00	   35.333	    0.000	   0.0000	    0.000	    0.000	    0.053	    0.053	   0.000	    0.000	    0.000	    0.000	    0.276	    0.000
 09/14/2014 11:25:00	   35.417	    0.000	   0.0000	    0.000	    0.000	    0.053	    0.053	   0.000	    0.000	    0.000	    0.000	    0.275	    0.000
 09/14/2014 11:30:00	   35.500	    0.000	   0.0000	    0.000	    0.000	    0.053	    0.053	   0.000	    0.000	    0.000	    0.000	    0.275	    0.000
 09/14/2014 11:35:00	   35.583	    0.000	   0.0000	    0.000	    0.000	    0.053	    0.053	   0.000	    0.000	    0.000	    0.000	    0.275	    0.000
 09/14/2014 11:40:00	   35.667	    0.000	   0.0000	    0.000	    0.000	    0.053	    0.053	   0.000	    0.000	    0.000	    0.000	    0.274	    0.000
 09/14/2014 11:45:00	   35.750	    0.000	   0.0000	    0.000	    0.000	    0.052	    0.052	   0.000	    0.000	    0.000	    0.000	    0.274	    0.000
 09/14/2014 11:50:00	   35.833	    0.000	   0.0000	    0.000	    0.000	    0.052	    0.052	   0.000	    0.000	    0.000	    0.000	    0.274	    0.000
 09/14/2014 11:55:00	   35.917	    0.000	   0.0000	    0.000	    0.000	    0.052	    0.052	   0.000	    0.000	    0.000	    0.000	    0.273	    0.000
 09/14/2014 12:00:00	   36.000	    0.000	   0.0000	    0.000	    0.000	    0.052	    0.052	   0.000	    0.000	    0.000	    0.000	    0.273	    0.000
 09/14/2014 12:05:00	   36.083	    0.000	   0.0000	    0.000	    0.000	    0.052	    0.052	   0.000	    0.000	    0.000	    0.000	    0.272	    0.000
 09/14/2014 12:10:00	   36.167	    0.000	   0.0000	    0.000	    0.000	    0.051	    0.051	   0.000	    0.000	    0.000	    0.000	    0.272	    0.000
 09/14/2014 12:15:00	   36.250	    0.000	   0.0000	    0.000	    0.000	    0.051	    0.051	   0.000	    0.000	    0.000	    0.000	    0.272	    0.000
 09/14/2014 12:20:00	   36.333	    0.000	   0.0000	    0.000	    0.000	    0.051	    0.051	   0.000	    0.000	    0.000	    0.000	    0.271	    0.000
 09/14/2014 12:25:00	   36.417	    0.000	   0.0000	    0.000	    0.000	    0.051	    0.051	   0.000	    0.000	    0.000	    0.000	    0.271	    0.000
 09/14/2014 12:30:00	   36.500	    0.000	   0.0000	    0.000	    0.000	    0.051	    0.051	   0.000	    0.000	    0.000	    0.000	    0.271	    0.000
 09/14/2014 12:35:00	   36.583	    0.000	   0.0000	    0.000	    0.000	    0.050	    0.050	   0.000	    0.000	    0.000	    0.000	    0.270	    0.000
 09/14/2014 12:40:00	   36.667	    0.000	   0.0000	    0.000	    0.000	    0.050	    0.050	   0.000	    0.000	    0.000	    0.000	    0.270	    0.000
 09/14/2014 12:45:00	   36.750	    0.000	   0.0000	    0.000	    0.000	    0.050	    0.050	   0.000	    0.000	    0.000	    0.000	    0.270	    0.000
 09/14/2014 12:50:00	   36.833	    0.000	   0.0000	    0.000	    0.000	    0.050	    0.050	   0.000	    0.000	    0.000	    0.000	    0.269	    0.000
 09/14/2014 12:55:00	   36.917	    0.000	   0.0000	    0.000	    0.000	    0.050	    0.050	   0.000	    0.000	    0.000	    0.000	    0.269	    0.000
 09/14/2014 13:00:00	   37.000	    0.000	   0.0000	    0.000	    0.000	    0.050	    0.050	   0.000	    0.000	    0.000	    0.000	    0.269	    0.000
 09/14/2014 13:05:00	   37.083	    0.000	   0.0000	    0.000	    0.000	    0.049	    0.049	   0.000	    0.000	    0.000	    0.000	    0.268	    0.000
 09/14/2014 13:10:00	   37.167	    0.000	   0.0000	    0.000	    0.000	    0.049	    0.049	   0.000	    0.000	    0.000	    0.000	    0.268	    0.000
 09/14/2014 13:15:00	   37.250	    0.000	   0.0000	    0.000	    0.000	    0.049	    0.049	   0.000	    0.000	    0.000	    0.000	    0.268	    0.000
 09/14/2014 13:20:00	   37.333	    0.000	   0.0000	    0.000	    0.000	    0.049	    0.049	   0.000	    0.000	    0.000	    0.000	    0.267	    0.000
 09/14/2014 13:25:00	   37.417	    0.000	   0.0000	    0.000	    0.000	    0.049	    0.049	   0.000	    0.000	    0.000	    0.000	    0.267	    0.000
 09/14/2014 13:30:00	   37.500	    0.000	   0.0000	    0.000	    0.000	    0.049	    0.049	   0.000	    0.000	    0.000	    0.000	    0.267	    0.000
 09/14/2014 13:35:00	   37.583	    0.000	   0.0000	    0.000	    0.000	    0.048	    0.048	   0.000	    0.000	    0.000	    0.000	    0.266	    0.000
 09/14/2014 13:40:00	   37.667	    0.000	   0.0000	    0.000	    0.000	    0.048	    0.048	   0.000	    0.000	    0.000	    0.000	    0.266	    0.000
 09/14/2014 13:45:00	   37.750	    0.000	   0.0000	    0.000	    0.000	    0.048	    0.048	   0.000	    0.000	    0.000	    0.000	    0.266	    0.000
 09/14/2014 13:50:00	   37.833	    0.000	   0.0000	    0.000	    0.000	    0.048	    0.048	   0.000	    0.000	    0.000	    0.000	    0.265	    0.000
 09/14/2014 13:55:00	   37.917	    0.000	   0.0000	    0.000	    0.000	    0.048	    0.048	   0.000	    0.000	    0.000	    0.000	    0.265	    0.000
 09/14/2014 14:00:00	   38.000	    0.000	   0.0000	    0.000	    0.000	    0.048	    0.048	   0.000	    0.000	    0.000	    0.000	    0.265	    0.000
 09/14/2014 14:05:00	   38.083	    0.000	   0.0000	    0.000	    0.000	    0.047	    0.047	   0.000	    0.000	    0.000	    0.000	    0.264	    0.000
 09/14/2014 14:10:00	   38.167	    0.000	   0.0000	    0.000	    0.000	    0.047	    0.047	   0.000	    0.000	    0.000	    0.000	    0.264	    0.000
 09/14/2014 14:15:00	   38.250	    0.000	   0.0000	    0.000	    0.000	    0.047	    0.047	   0.000	    0.000	    0.000	    0.000	    0.264	    0.000
 09/14/2014 14:20:00	   38.333	    0.000	   0.0000	    0.000	    0.000	    0.047	    0.047	   0.000	    0.000	    0.000	    0.000	    0.263	    0.000
 09/14/2014 14:25:00	   38.417	    0.000	   0.0000	    0.000	    0.000	    0.047	    0.047	   0.000	    0.000	    0.000	    0.000	    0.263	    0.000
 09/14/2014 14:30:00	   38.500	    0.000	   0.0000	    0.000	    0.000	    0.047	    0.047	   0.000	    0.000	    0.000	    0.000	    0.263	    0.000
 09/14/2014 14:35:00	   38.583	    0.000	   0.0000	    0.000	    0.000	    0.047	    0.047	   0.000	    0.000	    0.000	    0.000	    0.262	    0.000
 09/14/2014 14:40:00	   38.667	    0.000	   0.0000	    0.000	    0.000	    0.046	    0.046	   0.000	    0.000	    0.000	    0.000	    0.262	    0.000
 09/14/2014 14:45:00	   38.750	    0.000	   0.0000	    0.000	    0.000	    0.046	    0.046	   0.000	    0.000	    0.000	    0.000	    0.262	    0.000
 09/14/2014 14:50:00	   38.833	    0.000	   0.0000	    0.000	    0.000	    0.046	    0.046	   0.000	    0.000	    0.000	    0.000	    0.261	    0.000
 09/14/2014 14:55:00	   38.917	    0.000	   0.0000	    0.000	    0.000	    0.046	    0.046	   0.000	    0.000	    0.000	    0.000	    0.261	    0.000
 09/14/2014 15:00:00	   39.000	    0.000	   0.0000	    0.000	    0.000	    0.046	    0.046	   0.000	    0.000	    0.000	    0.000	    0.261	    0.000
 09/14/2014 15:05:00	   39.083	    0.000	   0.0000	    0.000	    0.000	    0.046	    0.046	   0.000	    0.000	    0.000	    0.000	    0.260	    0.000
 09/14/2014 15:10:00	   39.167	    0.000	   0.0000	    0.000	    0.000	    0.046	    0.046	   0.000	    0.000	    0.000	    0.000	    0.260	    0.000
 09/14/2014 15:15:00	   39.250	    0.000	   0.0000	    0.000	    0.000	    0.045	    0.045	   0.000	    0.000	    0.000	    0.000	    0.260	    0.000
 09/14/2014 15:20:00	   39.333	    0.000	   0.0000	    0.000	    0.000	    0.045	    0.045	   0.000	    0.000	    0.000	    0.000	    0.259	    0.000
 09/14/2014 15:25:00	   39.417	    0.000	   0.0000	    0.000	    0.000	    0.045	    0.045	   0.000	    0.000	    0.000	    0.000	    0.259	    0.000
 09/14/2014 15:30:00	   39.500	    0.000	   0.0000	    0.000	    0.000	    0.045	    0.045	   0.000	    0.000	    0.000	    0.000	    0.259	    0.000
 09/14/2014 15:35:00	   39.583	    0.000	   0.0000	    0.000	    0.000	    0.045	    0.045	   0.000	    0.000	    0.000	    0.000	    0.258	    0.000
 09/14/2014 15:40:00	   39.667	    0.000	   0.0000	    0.000	    0.000	    0.045	    0.045	   0.000	    0.000	    0.000	    0.000	    0.258	    0.000
 09/14/2014 15:45:00	   39.750	    0.000	   0.0000	    0.000	    0.000	    0.045	    0.045	   0.000	    0.000	    0.000	    0.000	    0.258	    0.000
 09/14/2014 15:50:00	   39.833	    0.000	   0.0000	    0.000	    0.000	    0.044	    0.044	   0.000	    0.000	    0.000	    0.000	    0.258	    0.000
 09/14/2014 15:55:00	   39.917	    0.000	   0.0000	    0.000	    0.000	    0.044	    0.044	   0.000	    0.000	    0.000	    0.000	    0.257	    0.000
 09/14/2014 16:00:00	   40.000	    0.000	   0.0000	    0.000	    0.000	    0.044	    0.044	   0.000	    0.000	    0.000	    0.000	    0.257	    0.000
 09/14/2014 16:05:00	   40.083	    0.000	   0.0000	    0.000	    0.000	    0.044	    0.044	   0.000	    0.000	    0.000	    0.000	    0.257	    0.000
 09/14/2014 16:10:00	   40.167	    0.000	   0.0000	    0.000	    0.000	    0.044	    0.044	   0.000	    0.000	    0.000	    0.000	    0.256	    0.000
 09/14/2014 16:15:00	   40.250	    0.000	   0.0000	    0.000	    0.000	    0.044	    0.044	   0.000	    0.000	    0.000	    0.000	    0.256	    0.000
 09/14/2014 16:20:00	   40.333	    0.000	   0.0000	    0.000	    0.000	    0.044	    0.044	   0.000	    0.000	    0.000	    0.000	    0.256	    0.000
 09/14/2014 16:25:00	   40.417	    0.000	   0.0000	    0.000	    0.000	    0.043	    0.043	   0.000	    0.000	    0.000	    0.000	    0.255	    0.000
 09/14/2014 16:30:00	   40.500	    0.000	   0.0000	    0.000	    0.000	    0.043	    0.043	   0.000	    0.000	    0.000	    0.000	    0.255	    0.000
 09/14/2014 16:35:00	   40.583	    0.000	   0.0000	    0.000	    0.000	    0.043	    0.043	   0.000	    0.000	    0.000	    0.000	    0.255	    0.000
 09/14/2014 16:40:00	   40.667	    0.000	   0.0000	    0.000	    0.000	    0.043	    0.043	   0.000	    0.000	    0.000	    0.000	    0.255	    0.000
 09/14/2014 16:45:00	   40.750	    0.000	   0.0000	    0.000	    0.000	    0.043	    0.043	   0.000	    0.000	    0.000	    0.000	    0.254	    0.000
 09/14/2014 16:50:00	   40.833	    0.000	   0.0000	    0.000	    0.000	    0.043	    0.043	   0.000	    0.000	    0.000	    0.000	    0.254	    0.000
 09/14/2014 16:55:00	   40.917	    0.000	   0.0000	    0.000	    0.000	    0.043	    0.043	   0.000	    0.000	    0.000	    0.000	    0.254	    0.000
 09/14/2014 17:00:00	   41.000	    0.000	   0.0000	    0.000	    0.000	    0.043	    0.043	   0.000	    0.000	    0.000	    0.000	    0.253	    0.000
 09/14/2014 17:05:00	   41.083	    0.000	   0.0000	    0.000	    0.000	    0.042	    0.042	   0.000	    0.000	    0.000	    0.000	    0.253	    0.000
 09/14/2014 17:10:00	   41.167	    0.000	   0.0000	    0.000	    0.000	    0.042	    0.042	   0.000	    0.000	    0.000	    0.000	    0.253	    0.000
 09/14/2014 17:15:00	   41.250	    0.000	   0.0000	    0.000	    0.000	    0.042	    0.042	   0.000	    0.000	    0.000	    0.000	    0.252	    0.000
 09/14/2014 17:20:00	   41.333	    0.000	   0.0000	    0.000	    0.000	    0.042	    0.042	   0.000	    0.000	    0.000	    0.000	    0.252	    0.000
 09/14/2014 17:25:00	   41.417	    0.000	   0.0000	    0.000	    0.000	    0.042	    0.042	   0.000	    0.000	    0.000	    0.000	    0.252	    0.000
 09/14/2014 17:30:00	   41.500	    0.000	   0.0000	    0.000	    0.000	    0.042	    0.042	   0.000	    0.000	    0.000	    0.000	    0.252	    0.000
 09/14/2014 17:35:00	   41.583	    0.000	   0.0000	    0.000	    0.000	    0.042	    0.042	   0.000	    0.000	    0.000	    0.000	    0.251	    0.000
 09/14/2014 17:40:00	   41.667	    0.000	   0.0000	    0.000	    0.000	    0.042	    0.042	   0.000	    0.000	    0.000	    0.000	    0.251	    0.000
 09/14/2014 17:45:00	   41.750	    0.000	   0.0000	    0.000	    0.000	    0.041	    0.041	   0.000	    0.000	    0.000	    0.000	    0.251	    0.000
 09/14/2014 17:50:00	   41.833	    0.000	   0.0000	    0.000	    0.000	    0.041	    0.041	   0.000	    0.000	    0.000	    0.000	    0.250	    0.000
 09/14/2014 17:55:00	   41.917	    0.000	   0.0000	    0.000	    0.000	    0.041	    0.041	   0.000	    0.000	    0.000	    0.000	    0.250	    0.000
 09/14/2014 18:00:00	   42.000	    0.000	   0.0000	    0.000	    0.000	    0.041	    0.041	   0.000	    0.000	    0.000	    0.000	    0.250	    0.000
 09/14/2014 18:05:00	   42.083	    0.000	   0.0000	    0.000	    0.000	    0.041	    0.041	   0.000	    0.000	    0.000	    0.000	    0.250	    0.000
 09/14/2014 18:10:00	   42.167	    0.000	   0.0000	    0.000	    0.000	    0.041	    0.041	   0.000	    0.000	    0.000	    0.000	    0.249	    0.000
 09/14/2014 18:15:00	   42.250	    0.000	   0.0000	    0.000	    0.000	    0.041	    0.041	   0.000	    0.000	    0.000	    0.000	    0.249	    0.000
 09/14/2014 18:20:00	   42.333	    0.000	   0.0000	    0.000	    0.000	    0.041	    0.041	   0.000	    0.000	    0.000	    0.000	    0.249	    0.000
 09/14/2014 18:25:00	   42.417	    0.000	   0.0000	    0.000	    0.000	    0.041	    0.041	   0.000	    0.000	    0.000	    0.000	    0.248	    0.000
 09/14/2014 18:30:00	   42.500	    0.000	   0.0000	    0.000	    0.000	    0.040	    0.040	   0.000	    0.000	    0.000	    0.000	    0.248	    0.000
 09/14/2014 18:35:00	   42.583	    0.000	   0.0000	    0.000	    0.000	    0.040	    0.040	   0.000	    0.000	    0.000	    0.000	    0.248	    0.000
 09/14/2014 18:40:00	   42.667	    0.000	   0.0000	    0.000	    0.000	    0.040	    0.040	   0.000	    0.000	    0.000	    0.000	    0.248	    0.000
 09/14/2014 18:45:00	   42.750	    0.000	   0.0000	    0.000	    0.000	    0.040	    0.040	   0.000	    0.000	    0.000	    0.000	    0.247	    0.000
 09/14/2014 18:50:00	   42.833	    0.000	   0.0000	    0.000	    0.000	    0.040	    0.040	   0.000	    0.000	    0.000	    0.000	    0.247	    0.000
 09/14/2014 18:55:00	   42.917	    0.000	   0.0000	    0.000	    0.000	    0.040	    0.040	   0.000	    0.000	    0.000	    0.000	    0.247	    0.000
 09/14/2014 19:00:00	   43.000	    0.000	   0.0000	    0.000	    0.000	    0.040	    0.040	   0.000	    0.000	    0.000	    0.000	    0.247	    0.000
 09/14/2014 19:05:00	   43.083	    0.000	   0.0000	    0.000	    0.000	    0.040	    0.040	   0.000	    0.000	    0.000	    0.000	    0.246	    0.000
 09/14/2014 19:10:00	   43.167	    0.000	   0.0000	    0.000	    0.000	    0.040	    0.040	   0.000	    0.000	    0.000	    0.000	    0.246	    0.000
 09/14/2014 19:15:00	   43.250	    0.000	   0.0000	    0.000	    0.000	    0.039	    0.039	   0.000	    0.000	    0.000	    0.000	    0.246	    0.000
 09/14/2014 19:20:00	   43.333	    0.000	   0.0000	    0.000	    0.000	    0.039	    0.039	   0.000	    0.000	    0.000	    0.000	    0.245	    0.000
 09/14/2014 19:25:00	   43.417	    0.000	   0.0000	    0.000	    0.000	    0.039	    0.039	   0.000	    0.000	    0.000	    0.000	    0.245	    0.000
 09/14/2014 19:30:00	   43.500	    0.000	   0.0000	    0.000	    0.000	    0.039	    0.039	   0.000	    0.000	    0.000	    0.000	    0.245	    0.000
 09/14/2014 19:35:00	   43.583	    0.000	   0.0000	    0.000	    0.000	    0.039	    0.039	   0.000	    0.000	    0.000	    0.000	    0.245	    0.000
 09/14/2014 19:40:00	   43.667	    0.000	   0.0000	    0.000	    0.000	    0.039	    0.039	   0.000	    0.000	    0.000	    0.000	    0.244	    0.000
 09/14/2014 19:45:00	   43.750	    0.000	   0.0000	    0.000	    0.000	    0.039	    0.039	   0.000	    0.000	    0.000	    0.000	    0.244	    0.000
 09/14/2014 19:50:00	   43.833	    0.000	   0.0000	    0.000	    0.000	    0.039	    0.039	   0.000	    0.000	    0.000	    0.000	    0.244	    0.000
 09/14/2014 19:55:00	   43.917	    0.000	   0.0000	    0.000	    0.000	    0.039	    0.039	   0.000	    0.000	    0.000	    0.000	    0.244	    0.000
 09/14/2014 20:00:00	   44.000	    0.000	   0.0000	    0.000	    0.000	    0.038	    0.038	   0.000	    0.000	    0.000	    0.000	    0.243	    0.000
 09/14/2014 20:05:00	   44.083	    0.000	   0.0000	    0.000	    0.000	    0.038	    0.038	   0.000	    0.000	    0.000	    0.000	    0.243	    0.000
 09/14/2014 20:10:00	   44.167	    0.000	   0.0000	    0.000	    0.000	    0.038	    0.038	   0.000	    0.000	    0.000	    0.000	    0.243	    0.000
 09/14/2014 20:15:00	   44.250	    0.000	   0.0000	    0.000	    0.000	    0.038	    0.038	   0.000	    0.000	    0.000	    0.000	    0.242	    0.000
 09/14/2014 20:20:00	   44.333	    0.000	   0.0000	    0.000	    0.000	    0.038	    0.038	   0.000	    0.000	    0.000	    0.000	    0.242	    0.000
 09/14/2014 20:25:00	   44.417	    0.000	   0.0000	    0.000	    0.000	    0.038	    0.038	   0.000	    0.000	    0.000	    0.000	    0.242	    0.000
 09/14/2014 20:30:00	   44.500	    0.000	   0.0000	    0.000	    0.000	    0.038	    0.038	   0.000	    0.000	    0.000	    0.000	    0.242	    0.000
 09/14/2014 20:35:00	   44.583	    0.000	   0.0000	    0.000	    0.000	    0.038	    0.038	   0.000	    0.000	    0.000	    0.000	    0.241	    0.000
 09/14/2014 20:40:00	   44.667	    0.000	   0.0000	    0.000	    0.000	    0.038	    0.038	   0.000	    0.000	    0.000	    0.000	    0.241	    0.000
 09/14/2014 20:45:00	   44.750	    0.000	   0.0000	    0.000	    0.000	    0.038	    0.038	   0.000	    0.000	    0.000	    0.000	    0.241	    0.000
 09/14/2014 20:50:00	   44.833	    0.000	   0.0000	    0.000	    0.000	    0.037	    0.037	   0.000	    0.000	    0.000	    0.000	    0.241	    0.000
 09/14/2014 20:55:00	   44.917	    0.000	   0.0000	    0.000	    0.000	    0.037	    0.037	   0.000	    0.000	    0.000	    0.000	    0.240	    0.000
 09/14/2014 21:00:00	   45.000	    0.000	   0.0000	    0.000	    0.000	    0.037	    0.037	   0.000	    0.000	    0.000	    0.000	    0.240	    0.000
 09/14/2014 21:05:00	   45.083	    0.000	   0.0000	    0.000	    0.000	    0.037	    0.037	   0.000	    0.000	    0.000	    0.000	    0.240	    0.000
 09/14/2014 21:10:00	   45.167	    0.000	   0.0000	    0.000	    0.000	    0.037	    0.037	   0.000	    0.000	    0.000	    0.000	    0.240	    0.000
 09/14/2014 21:15:00	   45.250	    0.000	   0.0000	    0.000	    0.000	    0.037	    0.037	   0.000	    0.000	    0.000	    0.000	    0.239	    0.000
 09/14/2014 21:20:00	   45.333	    0.000	   0.0000	    0.000	    0.000	    0.037	    0.037	   0.000	    0.000	    0.000	    0.000	    0.239	    0.000
 09/14/2014 21:25:00	   45.417	    0.000	   0.0000	    0.000	    0.000	    0.037	    0.037	   0.000	    0.000	    0.000	    0.000	    0.239	    0.000
 09/14/2014 21:30:00	   45.500	    0.000	   0.0000	    0.000	    0.000	    0.037	    0.037	   0.000	    0.000	    0.000	    0.000	    0.239	    0.000
 09/14/2014 21:35:00	   45.583	    0.000	   0.0000	    0.000	    0.000	    0.037	    0.037	   0.000	    0.000	    0.000	    0.000	    0.238	    0.000
 09/14/2014 21:40:00	   45.667	    0.000	   0.0000	    0.000	    0.000	    0.037	    0.037	   0.000	    0.000	    0.000	    0.000	    0.238	    0.000
 09/14/2014 21:45:00	   45.750	    0.000	   0.0000	    0.000	    0.000	    0.036	    0.036	   0.000	    0.000	    0.000	    0.000	    0.238	    0.000
 09/14/2014 21:50:00	   45.833	    0.000	   0.0000	    0.000	    0.000	    0.036	    0.036	   0.000	    0.000	    0.000	    0.000	    0.238	    0.000
 09/14/2014 21:55:00	   45.917	    0.000	   0.0000	    0.000	    0.000	    0.036	    0.036	   0.000	    0.000	    0.000	    0.000	    0.237	    0.000
 09/14/2014 22:00:00	   46.000	    0.000	   0.0000	    0.000	    0.000	    0.036	    0.036	   0.000	    0.000	    0.000	    0.000	    0.237	    0.000
 09/14/2014 22:05:00	   46.083	    0.000	   0.0000	    0.000	    0.000	    0.036	    0.036	   0.000	    0.000	    0.000	    0.000	    0.237	    0.000
 09/14/2014 22:10:00	   46.167	    0.000	   0.0000	    0.000	    0.000	    0.036	    0.036	   0.000	    0.000	    0.000	    0.000	    0.237	    0.000
 09/14/2014 22:15:00	   46.250	    0.000	   0.0000	    0.000	    0.000	    0.036	    0.036	   0.000	    0.000	    0.000	    0.000	    0.236	    0.000
 09/14/2014 22:20:00	   46.333	    0.000	   0.0000	    0.000	    0.000	    0.036	    0.036	   0.000	    0.000	    0.000	    0.000	    0.236	    0.000
 09/14/2014 22:25:00	   46.417	    0.000	   0.0000	    0.000	    0.000	    0.036	    0.036	   0.000	    0.000	    0.000	    0.000	    0.236	    0.000
 09/14/2014 22:30:00	   46.500	    0.000	   0.0000	    0.000	    0.000	    0.036	    0.036	   0.000	    0.000	    0.000	    0.000	    0.236	    0.000
 09/14/2014 22:35:00	   46.583	    0.000	   0.0000	    0.000	    0.000	    0.036	    0.036	   0.000	    0.000	    0.000	    0.000	    0.235	    0.000
 09/14/2014 22:40:00	   46.667	    0.000	   0.0000	    0.000	    0.000	    0.035	    0.035	   0.000	    0.000	    0.000	    0.000	    0.235	    0.000
 09/14/2014 22:45:00	   46.750	    0.000	   0.0000	    0.000	    0.000	    0.035	    0.035	   0.000	    0.000	    0.000	    0.000	    0.235	    0.000
 09/14/2014 22:50:00	   46.833	    0.000	   0.0000	    0.000	    0.000	    0.035	    0.035	   0.000	    0.000	    0.000	    0.000	    0.235	    0.000
 09/14/2014 22:55:00	   46.917	    0.000	   0.0000	    0.000	    0.000	    0.035	    0.035	   0.000	    0.000	    0.000	    0.000	    0.234	    0.000
 09/14/2014 23:00:00	   47.000	    0.000	   0.0000	    0.000	    0.000	    0.035	    0.035	   0.000	    0.000	    0.000	    0.000	    0.234	    0.000
 09/14/2014 23:05:00	   47.083	    0.000	   0.0000	    0.000	    0.000	    0.035	    0.035	   0.000	    0.000	    0.000	    0.000	    0.234	    0.000
 09/14/2014 23:10:00	   47.167	    0.000	   0.0000	    0.000	    0.000	    0.035	    0.035	   0.000	    0.000	    0.000	    0.000	    0.234	    0.000
 09/14/2014 23:15:00	   47.250	    0.000	   0.0000	    0.000	    0.000	    0.035	    0.035	   0.000	    0.000	    0.000	    0.000	    0.233	    0.000
 09/14/2014 23:20:00	   47.333	    0.000	   0.0000	    0.000	    0.000	    0.035	    0.035	   0.000	    0.000	    0.000	    0.000	    0.233	    0.000
 09/14/2014 23:25:00	   47.417	    0.000	   0.0000	    0.000	    0.000	    0.035	    0.035	   0.000	    0.000	    0.000	    0.000	    0.233	    0.000
 09/14/2014 23:30:00	   47.500	    0.000	   0.0000	    0.000	    0.000	    0.035	    0.035	   0.000	    0.000	    0.000	    0.000	    0.233	    0.000
 09/14/2014 23:35:00	   47.583	    0.000	   0.0000	    0.000	    0.000	    0.035	    0.035	   0.000	    0.000	    0.000	    0.000	    0.232	    0.000
 09/14/2014 23:40:00	   47.667	    0.000	   0.0000	    0.000	    0.000	    0.034	    0.034	   0.000	    0.000	    0.000	    0.000	    0.232	    0.000
 09/14/2014 23:45:00	   47.750	    0.000	   0.0000	    0.000	    0.000	    0.034	    0.034	   0.000	    0.000	    0.000	    0.000	    0.232	    0.000
 09/14/2014 23:50:00	   47.833	    0.000	   0.0000	    0.000	    0.000	    0.034	    0.034	   0.000	    0.000	    0.000	    0.000	    0.232	    0.000
 09/14/2014 23:55:00	   47.917	    0.000	   0.0000	    0.000	    0.000	    0.034	    0.034	   0.000	    0.000	    0.000	    0.000	    0.231	    0.000
 09/15/2014 00:00:00	   48.000	    0.000	   0.0000	    0.000	    0.000	    0.034	    0.034	   0.000	    0.000	    0.000	    0.000	    0.231	    0.000