SWMM5 LID Report File

Project:  
LID Unit: GREENROOFS in Subcatchment GREENROOFS

                    	  Elapsed	    Total	    Total	  Surface	 Pavement	     Soil	  Storage	  Surface	    Drain	  Surface	 Pavement	     Soil	  Storage
                    	     Time	   Inflow	     Evap	    Infil	     Perc	     Perc	    Exfil	   Runoff	  OutFlow	    Level	    Level	 Moisture	    Level
Date        Time    	    Hours	    in/hr	    in/hr	    in/hr	    in/hr	    in/hr	    in/hr	    in/hr	    in/hr	   inches	   inches	  Content	   inches
----------- --------	 ---------	 ---------	 ---------	 ---------	 ---------	 ---------	 ---------	 ---------	 ---------	 ---------	 ---------	 ---------	 ---------
 04/07/2016 00:05:00	    0.083	    0.080	   0.0000	    0.080	    0.000	    0.000	    0.000	   0.000	    0.000	    0.000	    0.000	    0.101	    0.000
 04/07/2016 00:10:00	    0.167	    0.080	   0.0000	    0.080	    0.000	    0.000	    0.000	   0.000	    0.000	    0.000	    0.000	    0.101	    0.000
 04/07/2016 00:15:00	    0.250	    0.080	   0.0000	    0.080	    0.000	    0.000	    0.000	   0.000	    0.000	    0.000	    0.000	    0.102	    0.000
 04/07/2016 00:20:00	    0.333	    0.080	   0.0000	    0.080	    0.000	    0.000	    0.000	   0.000	    0.000	    0.000	    0.000	    0.102	    0.000
 04/07/2016 00:25:00	    0.417	    0.080	   0.0000	    0.080	    0.000	    0.000	    0.000	   0.000	    0.000	    0.000	    0.000	    0.103	    0.000
 04/07/2016 00:30:00	    0.500	    0.080	   0.0000	    0.080	    0.000	    0.000	    0.000	   0.000	    0.000	    0.000	    0.000	    0.103	    0.000
 04/07/2016 00:35:00	    0.583	    0.090	   0.0000	    0.090	    0.000	    0.000	    0.000	   0.000	    0.000	    0.000	    0.000	    0.104	    0.000
 04/07/2016 00:40:00	    0.667	    0.090	   0.0000	    0.090	    0.000	    0.000	    0.000	   0.000	    0.000	    0.000	    0.000	    0.105	    0.000
 04/07/2016 00:45:00	    0.750	    0.090	   0.0000	    0.090	    0.000	    0.000	    0.000	   0.000	    0.000	    0.000	    0.000	    0.105	    0.000
 04/07/2016 00:50:00	    0.833	    0.090	   0.0000	    0.090	    0.000	    0.000	    0.000	   0.000	    0.000	    0.000	    0.000	    0.106	    0.000
 04/07/2016 00:55:00	    0.917	    0.090	   0.0000	    0.090	    0.000	    0.000	    0.000	   0.000	    0.000	    0.000	    0.000	    0.106	    0.000
 04/07/2016 01:00:00	    1.000	    0.090	   0.0000	    0.090	    0.000	    0.000	    0.000	   0.000	    0.000	    0.000	    0.000	    0.107	    0.000
 04/07/2016 01:05:00	    1.083	    0.090	   0.0000	    0.090	    0.000	    0.000	    0.000	   0.000	    0.000	    0.000	    0.000	    0.108	    0.000
 04/07/2016 01:10:00	    1.167	    0.090	   0.0000	    0.090	    0.000	    0.000	    0.000	   0.000	    0.000	    0.000	    0.000	    0.108	    0.000
 04/07/2016 01:15:00	    1.250	    0.090	   0.0000	    0.090	    0.000	    0.000	    0.000	   0.000	    0.000	    0.000	    0.000	    0.109	    0.000
 04/07/2016 01:20:00	    1.333	    0.090	   0.0000	    0.090	    0.000	    0.000	    0.000	   0.000	    0.000	    0.000	    0.000	    0.110	    0.000
 04/07/2016 01:25:00	    1.417	    0.090	   0.0000	    0.090	    0.000	    0.000	    0.000	   0.000	    0.000	    0.000	    0.000	    0.110	    0.000
 04/07/2016 01:30:00	    1.500	    0.090	   0.0000	    0.090	    0.000	    0.000	    0.000	   0.000	    0.000	    0.000	    0.000	    0.111	    0.000
 04/07/2016 01:35:00	    1.583	    0.090	   0.0000	    0.090	    0.000	    0.000	    0.000	   0.000	    0.000	    0.000	    0.000	    0.111	    0.000
 04/07/2016 01:40:00	    1.667	    0.090	   0.0000	    0.090	    0.000	    0.000	    0.000	   0.000	    0.000	    0.000	    0.000	    0.112	    0.000
 04/07/2016 01:45:00	    1.750	    0.090	   0.0000	    0.090	    0.000	    0.000	    0.000	   0.000	    0.000	    0.000	    0.000	    0.113	    0.000
 04/07/2016 01:50:00	    1.833	    0.090	   0.0000	    0.090	    0.000	    0.000	    0.000	   0.000	    0.000	    0.000	    0.000	    0.113	    0.000
 04/07/2016 01:55:00	    1.917	    0.090	   0.0000	    0.090	    0.000	    0.000	    0.000	   0.000	    0.000	    0.000	    0.000	    0.114	    0.000
 04/07/2016 02:00:00	    2.000	    0.090	   0.0000	    0.090	    0.000	    0.000	    0.000	   0.000	    0.000	    0.000	    0.000	    0.115	    0.000
 04/07/2016 02:05:00	    2.083	    0.100	   0.0000	    0.100	    0.000	    0.000	    0.000	   0.000	    0.000	    0.000	    0.000	    0.115	    0.000
 04/07/2016 02:10:00	    2.167	    0.100	   0.0000	    0.100	    0.000	    0.000	    0.000	   0.000	    0.000	    0.000	    0.000	    0.116	    0.000
 04/07/2016 02:15:00	    2.250	    0.100	   0.0000	    0.100	    0.000	    0.000	    0.000	   0.000	    0.000	    0.000	    0.000	    0.117	    0.000
 04/07/2016 02:20:00	    2.333	    0.100	   0.0000	    0.100	    0.000	    0.000	    0.000	   0.000	    0.000	    0.000	    0.000	    0.117	    0.000
 04/07/2016 02:25:00	    2.417	    0.100	   0.0000	    0.100	    0.000	    0.000	    0.000	   0.000	    0.000	    0.000	    0.000	    0.118	    0.000
 04/07/2016 02:30:00	    2.500	    0.100	   0.0000	    0.100	    0.000	    0.000	    0.000	   0.000	    0.000	    0.000	    0.000	    0.119	    0.000
 04/07/2016 02:35:00	    2.583	    0.100	   0.0000	    0.100	    0.000	    0.000	    0.000	   0.000	    0.000	    0.000	    0.000	    0.119	    0.000
 04/07/2016 02:40:00	    2.667	    0.100	   0.0000	    0.100	    0.000	    0.000	    0.000	   0.000	    0.000	    0.000	    0.000	    0.120	    0.000
 04/07/2016 02:45:00	    2.750	    0.100	   0.0000	    0.100	    0.000	    0.000	    0.000	   0.000	    0.000	    0.000	    0.000	    0.121	    0.000
 04/07/2016 02:50:00	    2.833	    0.100	   0.0000	    0.100	    0.000	    0.000	    0.000	   0.000	    0.000	    0.000	    0.000	    0.122	    0.000
 04/07/2016 02:55:00	    2.917	    0.100	   0.0000	    0.100	    0.000	    0.000	    0.000	   0.000	    0.000	    0.000	    0.000	    0.122	    0.000
 04/07/2016 03:00:00	    3.000	    0.100	   0.0000	    0.100	    0.000	    0.000	    0.000	   0.000	    0.000	    0.000	    0.000	    0.123	    0.000
 04/07/2016 03:05:00	    3.083	    0.100	   0.0000	    0.100	    0.000	    0.000	    0.000	   0.000	    0.000	    0.000	    0.000	    0.124	    0.000
 04/07/2016 03:10:00	    3.167	    0.100	   0.0000	    0.100	    0.000	    0.000	    0.000	   0.000	    0.000	    0.000	    0.000	    0.124	    0.000
 04/07/2016 03:15:00	    3.250	    0.100	   0.0000	    0.100	    0.000	    0.000	    0.000	   0.000	    0.000	    0.000	    0.000	    0.125	    0.000
 04/07/2016 03:20:00	    3.333	    0.100	   0.0000	    0.100	    0.000	    0.000	    0.000	   0.000	    0.000	    0.000	    0.000	    0.126	    0.000
 04/07/2016 03:25:00	    3.417	    0.100	   0.0000	    0.100	    0.000	    0.000	    0.000	   0.000	    0.000	    0.000	    0.000	    0.126	    0.000
 04/07/2016 03:30:00	    3.500	    0.100	   0.0000	    0.100	    0.000	    0.000	    0.000	   0.000	    0.000	    0.000	    0.000	    0.127	    0.000
 04/07/2016 03:35:00	    3.583	    0.110	   0.0000	    0.110	    0.000	    0.000	    0.000	   0.000	    0.000	    0.000	    0.000	    0.128	    0.000
 04/07/2016 03:40:00	    3.667	    0.110	   0.0000	    0.110	    0.000	    0.000	    0.000	   0.000	    0.000	    0.000	    0.000	    0.129	    0.000
 04/07/2016 03:45:00	    3.750	    0.110	   0.0000	    0.110	    0.000	    0.000	    0.000	   0.000	    0.000	    0.000	    0.000	    0.129	    0.000
 04/07/2016 03:50:00	    3.833	    0.110	   0.0000	    0.110	    0.000	    0.000	    0.000	   0.000	    0.000	    0.000	    0.000	    0.130	    0.000
 04/07/2016 03:55:00	    3.917	    0.110	   0.0000	    0.110	    0.000	    0.000	    0.000	   0.000	    0.000	    0.000	    0.000	    0.131	    0.000
 04/07/2016 04:00:00	    4.000	    0.110	   0.0000	    0.110	    0.000	    0.000	    0.000	   0.000	    0.000	    0.000	    0.000	    0.132	    0.000
 04/07/2016 04:05:00	    4.083	    0.110	   0.0000	    0.110	    0.000	    0.000	    0.000	   0.000	    0.000	    0.000	    0.000	    0.132	    0.000
 04/07/2016 04:10:00	    4.167	    0.110	   0.0000	    0.110	    0.000	    0.000	    0.000	   0.000	    0.000	    0.000	    0.000	    0.133	    0.000
 04/07/2016 04:15:00	    4.250	    0.110	   0.0000	    0.110	    0.000	    0.000	    0.000	   0.000	    0.000	    0.000	    0.000	    0.134	    0.000
 04/07/2016 04:20:00	    4.333	    0.110	   0.0000	    0.110	    0.000	    0.000	    0.000	   0.000	    0.000	    0.000	    0.000	    0.135	    0.000
 04/07/2016 04:25:00	    4.417	    0.110	   0.0000	    0.110	    0.000	    0.000	    0.000	   0.000	    0.000	    0.000	    0.000	    0.135	    0.000
 04/07/2016 04:30:00	    4.500	    0.110	   0.0000	    0.110	    0.000	    0.000	    0.000	   0.000	    0.000	    0.000	    0.000	    0.136	    0.000
 04/07/2016 04:35:00	    4.583	    0.120	   0.0000	    0.120	    0.000	    0.000	    0.000	   0.000	    0.000	    0.000	    0.000	    0.137	    0.000
 04/07/2016 04:40:00	    4.667	    0.120	   0.0000	    0.120	    0.000	    0.000	    0.000	   0.000	    0.000	    0.000	    0.000	    0.138	    0.000
 04/07/2016 04:45:00	    4.750	    0.120	   0.0000	    0.120	    0.000	    0.000	    0.000	   0.000	    0.000	    0.000	    0.000	    0.139	    0.000
 04/07/2016 04:50:00	    4.833	    0.120	   0.0000	    0.120	    0.000	    0.000	    0.000	   0.000	    0.000	    0.000	    0.000	    0.140	    0.000
 04/07/2016 04:55:00	    4.917	    0.120	   0.0000	    0.120	    0.000	    0.000	    0.000	   0.000	    0.000	    0.000	    0.000	    0.140	    0.000
 04/07/2016 05:00:00	    5.000	    0.120	   0.0000	    0.120	    0.000	    0.000	    0.000	   0.000	    0.000	    0.000	    0.000	    0.141	    0.000
 04/07/2016 05:05:00	    5.083	    0.130	   0.0000	    0.130	    0.000	    0.000	    0.000	   0.000	    0.000	    0.000	    0.000	    0.142	    0.000
 04/07/2016 05:10:00	    5.167	    0.130	   0.0000	    0.130	    0.000	    0.000	    0.000	   0.000	    0.000	    0.000	    0.000	    0.143	    0.000
 04/07/2016 05:15:00	    5.250	    0.130	   0.0000	    0.130	    0.000	    0.000	    0.000	   0.000	    0.000	    0.000	    0.000	    0.144	    0.000
 04/07/2016 05:20:00	    5.333	    0.130	   0.0000	    0.130	    0.000	    0.000	    0.000	   0.000	    0.000	    0.000	    0.000	    0.145	    0.000
 04/07/2016 05:25:00	    5.417	    0.130	   0.0000	    0.130	    0.000	    0.000	    0.000	   0.000	    0.000	    0.000	    0.000	    0.146	    0.000
 04/07/2016 05:30:00	    5.500	    0.130	   0.0000	    0.130	    0.000	    0.000	    0.000	   0.000	    0.000	    0.000	    0.000	    0.147	    0.000
 04/07/2016 05:35:00	    5.583	    0.140	   0.0000	    0.140	    0.000	    0.000	    0.000	   0.000	    0.000	    0.000	    0.000	    0.148	    0.000
 04/07/2016 05:40:00	    5.667	    0.140	   0.0000	    0.140	    0.000	    0.000	    0.000	   0.000	    0.000	    0.000	    0.000	    0.149	    0.000
 04/07/2016 05:45:00	    5.750	    0.140	   0.0000	    0.140	    0.000	    0.000	    0.000	   0.000	    0.000	    0.000	    0.000	    0.150	    0.000
 04/07/2016 05:50:00	    5.833	    0.140	   0.0000	    0.140	    0.000	    0.000	    0.000	   0.000	    0.000	    0.000	    0.000	    0.151	    0.000
 04/07/2016 05:55:00	    5.917	    0.140	   0.0000	    0.140	    0.000	    0.000	    0.000	   0.000	    0.000	    0.000	    0.000	    0.152	    0.000
 04/07/2016 06:00:00	    6.000	    0.140	   0.0000	    0.140	    0.000	    0.000	    0.000	   0.000	    0.000	    0.000	    0.000	    0.153	    0.000
 04/07/2016 06:05:00	    6.083	    0.140	   0.0000	    0.140	    0.000	    0.000	    0.000	   0.000	    0.000	    0.000	    0.000	    0.153	    0.000
 04/07/2016 06:10:00	    6.167	    0.140	   0.0000	    0.140	    0.000	    0.000	    0.000	   0.000	    0.000	    0.000	    0.000	    0.154	    0.000
 04/07/2016 06:15:00	    6.250	    0.140	   0.0000	    0.140	    0.000	    0.000	    0.000	   0.000	    0.000	    0.000	    0.000	    0.155	    0.000
 04/07/2016 06:20:00	    6.333	    0.140	   0.0000	    0.140	    0.000	    0.000	    0.000	   0.000	    0.000	    0.000	    0.000	    0.156	    0.000
 04/07/2016 06:25:00	    6.417	    0.140	   0.0000	    0.140	    0.000	    0.000	    0.000	   0.000	    0.000	    0.000	    0.000	    0.157	    0.000
 04/07/2016 06:30:00	    6.500	    0.140	   0.0000	    0.140	    0.000	    0.000	    0.000	   0.000	    0.000	    0.000	    0.000	    0.158	    0.000
 04/07/2016 06:35:00	    6.583	    0.160	   0.0000	    0.160	    0.000	    0.000	    0.000	   0.000	    0.000	    0.000	    0.000	    0.159	    0.000
 04/07/2016 06:40:00	    6.667	    0.160	   0.0000	    0.160	    0.000	    0.000	    0.000	   0.000	    0.000	    0.000	    0.000	    0.161	    0.000
 04/07/2016 06:45:00	    6.750	    0.160	   0.0000	    0.160	    0.000	    0.000	    0.000	   0.000	    0.000	    0.000	    0.000	    0.162	    0.000
 04/07/2016 06:50:00	    6.833	    0.160	   0.0000	    0.160	    0.000	    0.000	    0.000	   0.000	    0.000	    0.000	    0.000	    0.163	    0.000
 04/07/2016 06:55:00	    6.917	    0.160	   0.0000	    0.160	    0.000	    0.000	    0.000	   0.000	    0.000	    0.000	    0.000	    0.164	    0.000
 04/07/2016 07:00:00	    7.000	    0.160	   0.0000	    0.160	    0.000	    0.000	    0.000	   0.000	    0.000	    0.000	    0.000	    0.165	    0.000
 04/07/2016 07:05:00	    7.083	    0.180	   0.0000	    0.180	    0.000	    0.000	    0.000	   0.000	    0.000	    0.000	    0.000	    0.166	    0.000
 04/07/2016 07:10:00	    7.167	    0.180	   0.0000	    0.180	    0.000	    0.000	    0.000	   0.000	    0.000	    0.000	    0.000	    0.168	    0.000
 04/07/2016 07:15:00	    7.250	    0.180	   0.0000	    0.180	    0.000	    0.000	    0.000	   0.000	    0.000	    0.000	    0.000	    0.169	    0.000
 04/07/2016 07:20:00	    7.333	    0.180	   0.0000	    0.180	    0.000	    0.000	    0.000	   0.000	    0.000	    0.000	    0.000	    0.170	    0.000
 04/07/2016 07:25:00	    7.417	    0.180	   0.0000	    0.180	    0.000	    0.000	    0.000	   0.000	    0.000	    0.000	    0.000	    0.171	    0.000
 04/07/2016 07:30:00	    7.500	    0.180	   0.0000	    0.180	    0.000	    0.000	    0.000	   0.000	    0.000	    0.000	    0.000	    0.173	    0.000
 04/07/2016 07:35:00	    7.583	    0.200	   0.0000	    0.200	    0.000	    0.000	    0.000	   0.000	    0.000	    0.000	    0.000	    0.174	    0.000
 04/07/2016 07:40:00	    7.667	    0.200	   0.0000	    0.200	    0.000	    0.000	    0.000	   0.000	    0.000	    0.000	    0.000	    0.175	    0.000
 04/07/2016 07:45:00	    7.750	    0.200	   0.0000	    0.200	    0.000	    0.000	    0.000	   0.000	    0.000	    0.000	    0.000	    0.177	    0.000
 04/07/2016 07:50:00	    7.833	    0.200	   0.0000	    0.200	    0.000	    0.000	    0.000	   0.000	    0.000	    0.000	    0.000	    0.178	    0.000
 04/07/2016 07:55:00	    7.917	    0.200	   0.0000	    0.200	    0.000	    0.000	    0.000	   0.000	    0.000	    0.000	    0.000	    0.179	    0.000
 04/07/2016 08:00:00	    8.000	    0.200	   0.0000	    0.200	    0.000	    0.000	    0.000	   0.000	    0.000	    0.000	    0.000	    0.181	    0.000
 04/07/2016 08:05:00	    8.083	    0.250	   0.0000	    0.250	    0.000	    0.000	    0.000	   0.000	    0.000	    0.000	    0.000	    0.183	    0.000
 04/07/2016 08:10:00	    8.167	    0.250	   0.0000	    0.250	    0.000	    0.000	    0.000	   0.000	    0.000	    0.000	    0.000	    0.184	    0.000
 04/07/2016 08:15:00	    8.250	    0.250	   0.0000	    0.250	    0.000	    0.000	    0.000	   0.000	    0.000	    0.000	    0.000	    0.186	    0.000
 04/07/2016 08:20:00	    8.333	    0.250	   0.0000	    0.250	    0.000	    0.000	    0.000	   0.000	    0.000	    0.000	    0.000	    0.188	    0.000
 04/07/2016 08:25:00	    8.417	    0.250	   0.0000	    0.250	    0.000	    0.000	    0.000	   0.000	    0.000	    0.000	    0.000	    0.190	    0.000
 04/07/2016 08:30:00	    8.500	    0.250	   0.0000	    0.250	    0.000	    0.000	    0.000	   0.000	    0.000	    0.000	    0.000	    0.191	    0.000
 04/07/2016 08:35:00	    8.583	    0.350	   0.0000	    0.350	    0.000	    0.000	    0.000	   0.000	    0.000	    0.000	    0.000	    0.194	    0.000
 04/07/2016 08:40:00	    8.667	    0.350	   0.0000	    0.350	    0.000	    0.000	    0.000	   0.000	    0.000	    0.000	    0.000	    0.196	    0.000
 04/07/2016 08:45:00	    8.750	    0.350	   0.0000	    0.350	    0.000	    0.000	    0.000	   0.000	    0.000	    0.000	    0.000	    0.199	    0.000
 04/07/2016 08:50:00	    8.833	    0.350	   0.0000	    0.350	    0.000	    0.000	    0.000	   0.000	    0.000	    0.000	    0.000	    0.201	    0.000
 04/07/2016 08:55:00	    8.917	    0.350	   0.0000	    0.350	    0.000	    0.140	    0.000	   0.000	    0.000	    0.000	    0.000	    0.202	    0.023
 04/07/2016 09:00:00	    9.000	    0.350	   0.0000	    0.350	    0.000	    0.350	    0.000	   0.000	    0.090	    0.000	    0.000	    0.202	    0.067
 04/07/2016 09:05:00	    9.083	    0.490	   0.0000	    0.490	    0.000	    0.350	    0.000	   0.000	    0.400	    0.000	    0.000	    0.203	    0.058
 04/07/2016 09:10:00	    9.167	    0.490	   0.0000	    0.490	    0.000	    0.490	    0.000	   0.000	    0.350	    0.000	    0.000	    0.203	    0.082
 04/07/2016 09:15:00	    9.250	    0.490	   0.0000	    0.490	    0.000	    0.490	    0.000	   0.000	    0.490	    0.000	    0.000	    0.203	    0.082
 04/07/2016 09:20:00	    9.333	    0.490	   0.0000	    0.490	    0.000	    0.490	    0.000	   0.000	    0.490	    0.000	    0.000	    0.203	    0.082
 04/07/2016 09:25:00	    9.417	    0.490	   0.0000	    0.490	    0.000	    0.490	    0.000	   0.000	    0.490	    0.000	    0.000	    0.203	    0.082
 04/07/2016 09:30:00	    9.500	    0.490	   0.0000	    0.490	    0.000	    0.490	    0.000	   0.000	    0.490	    0.000	    0.000	    0.203	    0.082
 04/07/2016 09:35:00	    9.583	    2.120	   0.0000	    2.120	    0.000	    0.490	    0.000	   0.000	    0.490	    0.000	    0.000	    0.215	    0.082
 04/07/2016 09:40:00	    9.667	    2.120	   0.0000	    2.120	    0.000	    0.577	    0.000	   0.000	    0.490	    0.000	    0.000	    0.225	    0.096
 04/07/2016 09:45:00	    9.750	    2.120	   0.0000	    2.120	    0.000	    0.642	    0.000	   0.000	    0.577	    0.000	    0.000	    0.236	    0.107
 04/07/2016 09:50:00	    9.833	    2.120	   0.0000	    2.120	    0.000	    0.711	    0.000	   0.000	    0.642	    0.000	    0.000	    0.245	    0.119
 04/07/2016 09:55:00	    9.917	    2.120	   0.0000	    2.120	    0.000	    0.785	    0.000	   0.000	    0.711	    0.000	    0.000	    0.255	    0.131
 04/07/2016 10:00:00	   10.000	    2.120	   0.0000	    2.120	    0.000	    0.861	    0.000	   0.000	    0.785	    0.000	    0.000	    0.264	    0.143
 04/07/2016 10:05:00	   10.083	    0.680	   0.0000	    0.680	    0.000	    0.940	    0.000	   0.000	    0.861	    0.000	    0.000	    0.262	    0.157
 04/07/2016 10:10:00	   10.167	    0.680	   0.0000	    0.680	    0.000	    0.923	    0.000	   0.000	    0.940	    0.000	    0.000	    0.260	    0.154
 04/07/2016 10:15:00	   10.250	    0.680	   0.0000	    0.680	    0.000	    0.907	    0.000	   0.000	    0.923	    0.000	    0.000	    0.258	    0.151
 04/07/2016 10:20:00	   10.333	    0.680	   0.0000	    0.680	    0.000	    0.893	    0.000	   0.000	    0.907	    0.000	    0.000	    0.257	    0.149
 04/07/2016 10:25:00	   10.417	    0.680	   0.0000	    0.680	    0.000	    0.880	    0.000	   0.000	    0.893	    0.000	    0.000	    0.256	    0.147
 04/07/2016 10:30:00	   10.500	    0.680	   0.0000	    0.680	    0.000	    0.868	    0.000	   0.000	    0.880	    0.000	    0.000	    0.254	    0.145
 04/07/2016 10:35:00	   10.583	    0.410	   0.0000	    0.410	    0.000	    0.857	    0.000	   0.000	    0.868	    0.000	    0.000	    0.251	    0.143
 04/07/2016 10:40:00	   10.667	    0.410	   0.0000	    0.410	    0.000	    0.830	    0.000	   0.000	    0.857	    0.000	    0.000	    0.248	    0.138
 04/07/2016 10:45:00	   10.750	    0.410	   0.0000	    0.410	    0.000	    0.807	    0.000	   0.000	    0.830	    0.000	    0.000	    0.245	    0.134
 04/07/2016 10:50:00	   10.833	    0.410	   0.0000	    0.410	    0.000	    0.785	    0.000	   0.000	    0.807	    0.000	    0.000	    0.243	    0.131
 04/07/2016 10:55:00	   10.917	    0.410	   0.0000	    0.410	    0.000	    0.764	    0.000	   0.000	    0.785	    0.000	    0.000	    0.240	    0.127
 04/07/2016 11:00:00	   11.000	    0.410	   0.0000	    0.410	    0.000	    0.746	    0.000	   0.000	    0.764	    0.000	    0.000	    0.238	    0.124
 04/07/2016 11:05:00	   11.083	    0.310	   0.0000	    0.310	    0.000	    0.729	    0.000	   0.000	    0.746	    0.000	    0.000	    0.235	    0.121
 04/07/2016 11:10:00	   11.167	    0.310	   0.0000	    0.310	    0.000	    0.708	    0.000	   0.000	    0.729	    0.000	    0.000	    0.232	    0.118
 04/07/2016 11:15:00	   11.250	    0.310	   0.0000	    0.310	    0.000	    0.689	    0.000	   0.000	    0.708	    0.000	    0.000	    0.230	    0.115
 04/07/2016 11:20:00	   11.333	    0.310	   0.0000	    0.310	    0.000	    0.671	    0.000	   0.000	    0.689	    0.000	    0.000	    0.227	    0.112
 04/07/2016 11:25:00	   11.417	    0.310	   0.0000	    0.310	    0.000	    0.654	    0.000	   0.000	    0.671	    0.000	    0.000	    0.225	    0.109
 04/07/2016 11:30:00	   11.500	    0.310	   0.0000	    0.310	    0.000	    0.639	    0.000	   0.000	    0.654	    0.000	    0.000	    0.223	    0.106
 04/07/2016 11:35:00	   11.583	    0.270	   0.0000	    0.270	    0.000	    0.624	    0.000	   0.000	    0.639	    0.000	    0.000	    0.220	    0.104
 04/07/2016 11:40:00	   11.667	    0.270	   0.0000	    0.270	    0.000	    0.609	    0.000	   0.000	    0.624	    0.000	    0.000	    0.218	    0.102
 04/07/2016 11:45:00	   11.750	    0.270	   0.0000	    0.270	    0.000	    0.595	    0.000	   0.000	    0.609	    0.000	    0.000	    0.216	    0.099
 04/07/2016 11:50:00	   11.833	    0.270	   0.0000	    0.270	    0.000	    0.582	    0.000	   0.000	    0.595	    0.000	    0.000	    0.213	    0.097
 04/07/2016 11:55:00	   11.917	    0.270	   0.0000	    0.270	    0.000	    0.569	    0.000	   0.000	    0.582	    0.000	    0.000	    0.211	    0.095
 04/07/2016 12:00:00	   12.000	    0.270	   0.0000	    0.270	    0.000	    0.557	    0.000	   0.000	    0.569	    0.000	    0.000	    0.209	    0.093
 04/07/2016 12:05:00	   12.083	    0.240	   0.0000	    0.240	    0.000	    0.546	    0.000	   0.000	    0.557	    0.000	    0.000	    0.207	    0.091
 04/07/2016 12:10:00	   12.167	    0.240	   0.0000	    0.240	    0.000	    0.535	    0.000	   0.000	    0.546	    0.000	    0.000	    0.205	    0.089
 04/07/2016 12:15:00	   12.250	    0.240	   0.0000	    0.240	    0.000	    0.524	    0.000	   0.000	    0.535	    0.000	    0.000	    0.203	    0.087
 04/07/2016 12:20:00	   12.333	    0.240	   0.0000	    0.240	    0.000	    0.455	    0.000	   0.000	    0.524	    0.000	    0.000	    0.202	    0.076
 04/07/2016 12:25:00	   12.417	    0.240	   0.0000	    0.240	    0.000	    0.240	    0.000	   0.000	    0.455	    0.000	    0.000	    0.202	    0.040
 04/07/2016 12:30:00	   12.500	    0.240	   0.0000	    0.240	    0.000	    0.240	    0.000	   0.000	    0.220	    0.000	    0.000	    0.202	    0.043
 04/07/2016 12:35:00	   12.583	    0.220	   0.0000	    0.220	    0.000	    0.240	    0.000	   0.000	    0.251	    0.000	    0.000	    0.202	    0.041
 04/07/2016 12:40:00	   12.667	    0.220	   0.0000	    0.220	    0.000	    0.220	    0.000	   0.000	    0.233	    0.000	    0.000	    0.202	    0.039
 04/07/2016 12:45:00	   12.750	    0.220	   0.0000	    0.220	    0.000	    0.220	    0.000	   0.000	    0.213	    0.000	    0.000	    0.202	    0.040
 04/07/2016 12:50:00	   12.833	    0.220	   0.0000	    0.220	    0.000	    0.220	    0.000	   0.000	    0.224	    0.000	    0.000	    0.202	    0.040
 04/07/2016 12:55:00	   12.917	    0.220	   0.0000	    0.220	    0.000	    0.220	    0.000	   0.000	    0.218	    0.000	    0.000	    0.202	    0.040
 04/07/2016 13:00:00	   13.000	    0.220	   0.0000	    0.220	    0.000	    0.220	    0.000	   0.000	    0.221	    0.000	    0.000	    0.202	    0.040
 04/07/2016 13:05:00	   13.083	    0.200	   0.0000	    0.200	    0.000	    0.220	    0.000	   0.000	    0.219	    0.000	    0.000	    0.201	    0.040
 04/07/2016 13:10:00	   13.167	    0.200	   0.0000	    0.200	    0.000	    0.200	    0.000	   0.000	    0.220	    0.000	    0.000	    0.201	    0.037
 04/07/2016 13:15:00	   13.250	    0.200	   0.0000	    0.200	    0.000	    0.200	    0.000	   0.000	    0.190	    0.000	    0.000	    0.201	    0.038
 04/07/2016 13:20:00	   13.333	    0.200	   0.0000	    0.200	    0.000	    0.200	    0.000	   0.000	    0.205	    0.000	    0.000	    0.201	    0.038
 04/07/2016 13:25:00	   13.417	    0.200	   0.0000	    0.200	    0.000	    0.200	    0.000	   0.000	    0.198	    0.000	    0.000	    0.201	    0.038
 04/07/2016 13:30:00	   13.500	    0.200	   0.0000	    0.200	    0.000	    0.200	    0.000	   0.000	    0.201	    0.000	    0.000	    0.201	    0.038
 04/07/2016 13:35:00	   13.583	    0.180	   0.0000	    0.180	    0.000	    0.200	    0.000	   0.000	    0.200	    0.000	    0.000	    0.201	    0.038
 04/07/2016 13:40:00	   13.667	    0.180	   0.0000	    0.180	    0.000	    0.180	    0.000	   0.000	    0.200	    0.000	    0.000	    0.201	    0.034
 04/07/2016 13:45:00	   13.750	    0.180	   0.0000	    0.180	    0.000	    0.180	    0.000	   0.000	    0.171	    0.000	    0.000	    0.201	    0.036
 04/07/2016 13:50:00	   13.833	    0.180	   0.0000	    0.180	    0.000	    0.180	    0.000	   0.000	    0.183	    0.000	    0.000	    0.201	    0.035
 04/07/2016 13:55:00	   13.917	    0.180	   0.0000	    0.180	    0.000	    0.180	    0.000	   0.000	    0.179	    0.000	    0.000	    0.201	    0.036
 04/07/2016 14:00:00	   14.000	    0.180	   0.0000	    0.180	    0.000	    0.180	    0.000	   0.000	    0.181	    0.000	    0.000	    0.201	    0.035
 04/07/2016 14:05:00	   14.083	    0.170	   0.0000	    0.170	    0.000	    0.180	    0.000	   0.000	    0.180	    0.000	    0.000	    0.201	    0.035
 04/07/2016 14:10:00	   14.167	    0.170	   0.0000	    0.170	    0.000	    0.170	    0.000	   0.000	    0.180	    0.000	    0.000	    0.201	    0.034
 04/07/2016 14:15:00	   14.250	    0.170	   0.0000	    0.170	    0.000	    0.170	    0.000	   0.000	    0.166	    0.000	    0.000	    0.201	    0.034
 04/07/2016 14:20:00	   14.333	    0.170	   0.0000	    0.170	    0.000	    0.170	    0.000	   0.000	    0.171	    0.000	    0.000	    0.201	    0.034
 04/07/2016 14:25:00	   14.417	    0.170	   0.0000	    0.170	    0.000	    0.170	    0.000	   0.000	    0.169	    0.000	    0.000	    0.201	    0.034
 04/07/2016 14:30:00	   14.500	    0.170	   0.0000	    0.170	    0.000	    0.170	    0.000	   0.000	    0.170	    0.000	    0.000	    0.201	    0.034
 04/07/2016 14:35:00	   14.583	    0.160	   0.0000	    0.160	    0.000	    0.170	    0.000	   0.000	    0.170	    0.000	    0.000	    0.201	    0.034
 04/07/2016 14:40:00	   14.667	    0.160	   0.0000	    0.160	    0.000	    0.160	    0.000	   0.000	    0.170	    0.000	    0.000	    0.201	    0.033
 04/07/2016 14:45:00	   14.750	    0.160	   0.0000	    0.160	    0.000	    0.160	    0.000	   0.000	    0.156	    0.000	    0.000	    0.201	    0.033
 04/07/2016 14:50:00	   14.833	    0.160	   0.0000	    0.160	    0.000	    0.160	    0.000	   0.000	    0.161	    0.000	    0.000	    0.201	    0.033
 04/07/2016 14:55:00	   14.917	    0.160	   0.0000	    0.160	    0.000	    0.160	    0.000	   0.000	    0.160	    0.000	    0.000	    0.201	    0.033
 04/07/2016 15:00:00	   15.000	    0.160	   0.0000	    0.160	    0.000	    0.160	    0.000	   0.000	    0.160	    0.000	    0.000	    0.201	    0.033
 04/07/2016 15:05:00	   15.083	    0.160	   0.0000	    0.160	    0.000	    0.160	    0.000	   0.000	    0.160	    0.000	    0.000	    0.201	    0.033
 04/07/2016 15:10:00	   15.167	    0.160	   0.0000	    0.160	    0.000	    0.160	    0.000	   0.000	    0.160	    0.000	    0.000	    0.201	    0.033
 04/07/2016 15:15:00	   15.250	    0.160	   0.0000	    0.160	    0.000	    0.160	    0.000	   0.000	    0.160	    0.000	    0.000	    0.201	    0.033
 04/07/2016 15:20:00	   15.333	    0.160	   0.0000	    0.160	    0.000	    0.160	    0.000	   0.000	    0.160	    0.000	    0.000	    0.201	    0.033
 04/07/2016 15:25:00	   15.417	    0.160	   0.0000	    0.160	    0.000	    0.160	    0.000	   0.000	    0.160	    0.000	    0.000	    0.201	    0.033
 04/07/2016 15:30:00	   15.500	    0.160	   0.0000	    0.160	    0.000	    0.160	    0.000	   0.000	    0.160	    0.000	    0.000	    0.201	    0.033
 04/07/2016 15:35:00	   15.583	    0.150	   0.0000	    0.150	    0.000	    0.160	    0.000	   0.000	    0.160	    0.000	    0.000	    0.201	    0.033
 04/07/2016 15:40:00	   15.667	    0.150	   0.0000	    0.150	    0.000	    0.150	    0.000	   0.000	    0.160	    0.000	    0.000	    0.201	    0.031
 04/07/2016 15:45:00	   15.750	    0.150	   0.0000	    0.150	    0.000	    0.150	    0.000	   0.000	    0.147	    0.000	    0.000	    0.201	    0.032
 04/07/2016 15:50:00	   15.833	    0.150	   0.0000	    0.150	    0.000	    0.150	    0.000	   0.000	    0.151	    0.000	    0.000	    0.201	    0.032
 04/07/2016 15:55:00	   15.917	    0.150	   0.0000	    0.150	    0.000	    0.150	    0.000	   0.000	    0.150	    0.000	    0.000	    0.201	    0.032
 04/07/2016 16:00:00	   16.000	    0.150	   0.0000	    0.150	    0.000	    0.150	    0.000	   0.000	    0.150	    0.000	    0.000	    0.201	    0.032
 04/07/2016 16:05:00	   16.083	    0.140	   0.0000	    0.140	    0.000	    0.150	    0.000	   0.000	    0.150	    0.000	    0.000	    0.201	    0.032
 04/07/2016 16:10:00	   16.167	    0.140	   0.0000	    0.140	    0.000	    0.140	    0.000	   0.000	    0.150	    0.000	    0.000	    0.201	    0.030
 04/07/2016 16:15:00	   16.250	    0.140	   0.0000	    0.140	    0.000	    0.140	    0.000	   0.000	    0.137	    0.000	    0.000	    0.201	    0.031
 04/07/2016 16:20:00	   16.333	    0.140	   0.0000	    0.140	    0.000	    0.140	    0.000	   0.000	    0.141	    0.000	    0.000	    0.201	    0.030
 04/07/2016 16:25:00	   16.417	    0.140	   0.0000	    0.140	    0.000	    0.140	    0.000	   0.000	    0.140	    0.000	    0.000	    0.201	    0.031
 04/07/2016 16:30:00	   16.500	    0.140	   0.0000	    0.140	    0.000	    0.140	    0.000	   0.000	    0.140	    0.000	    0.000	    0.201	    0.031
 04/07/2016 16:35:00	   16.583	    0.130	   0.0000	    0.130	    0.000	    0.140	    0.000	   0.000	    0.140	    0.000	    0.000	    0.201	    0.031
 04/07/2016 16:40:00	   16.667	    0.130	   0.0000	    0.130	    0.000	    0.130	    0.000	   0.000	    0.140	    0.000	    0.000	    0.201	    0.029
 04/07/2016 16:45:00	   16.750	    0.130	   0.0000	    0.130	    0.000	    0.130	    0.000	   0.000	    0.127	    0.000	    0.000	    0.201	    0.029
 04/07/2016 16:50:00	   16.833	    0.130	   0.0000	    0.130	    0.000	    0.130	    0.000	   0.000	    0.131	    0.000	    0.000	    0.201	    0.029
 04/07/2016 16:55:00	   16.917	    0.130	   0.0000	    0.130	    0.000	    0.130	    0.000	   0.000	    0.130	    0.000	    0.000	    0.201	    0.029
 04/07/2016 17:00:00	   17.000	    0.130	   0.0000	    0.130	    0.000	    0.130	    0.000	   0.000	    0.130	    0.000	    0.000	    0.201	    0.029
 04/07/2016 17:05:00	   17.083	    0.130	   0.0000	    0.130	    0.000	    0.130	    0.000	   0.000	    0.130	    0.000	    0.000	    0.201	    0.029
 04/07/2016 17:10:00	   17.167	    0.130	   0.0000	    0.130	    0.000	    0.130	    0.000	   0.000	    0.130	    0.000	    0.000	    0.201	    0.029
 04/07/2016 17:15:00	   17.250	    0.130	   0.0000	    0.130	    0.000	    0.130	    0.000	   0.000	    0.130	    0.000	    0.000	    0.201	    0.029
 04/07/2016 17:20:00	   17.333	    0.130	   0.0000	    0.130	    0.000	    0.130	    0.000	   0.000	    0.130	    0.000	    0.000	    0.201	    0.029
 04/07/2016 17:25:00	   17.417	    0.130	   0.0000	    0.130	    0.000	    0.130	    0.000	   0.000	    0.130	    0.000	    0.000	    0.201	    0.029
 04/07/2016 17:30:00	   17.500	    0.130	   0.0000	    0.130	    0.000	    0.130	    0.000	   0.000	    0.130	    0.000	    0.000	    0.201	    0.029
 04/07/2016 17:35:00	   17.583	    0.120	   0.0000	    0.120	    0.000	    0.130	    0.000	   0.000	    0.130	    0.000	    0.000	    0.201	    0.029
 04/07/2016 17:40:00	   17.667	    0.120	   0.0000	    0.120	    0.000	    0.120	    0.000	   0.000	    0.130	    0.000	    0.000	    0.201	    0.028
 04/07/2016 17:45:00	   17.750	    0.120	   0.0000	    0.120	    0.000	    0.120	    0.000	   0.000	    0.118	    0.000	    0.000	    0.201	    0.028
 04/07/2016 17:50:00	   17.833	    0.120	   0.0000	    0.120	    0.000	    0.120	    0.000	   0.000	    0.120	    0.000	    0.000	    0.201	    0.028
 04/07/2016 17:55:00	   17.917	    0.120	   0.0000	    0.120	    0.000	    0.120	    0.000	   0.000	    0.120	    0.000	    0.000	    0.201	    0.028
 04/07/2016 18:00:00	   18.000	    0.120	   0.0000	    0.120	    0.000	    0.120	    0.000	   0.000	    0.120	    0.000	    0.000	    0.201	    0.028
 04/07/2016 18:05:00	   18.083	    0.110	   0.0000	    0.110	    0.000	    0.120	    0.000	   0.000	    0.120	    0.000	    0.000	    0.201	    0.028
 04/07/2016 18:10:00	   18.167	    0.110	   0.0000	    0.110	    0.000	    0.110	    0.000	   0.000	    0.120	    0.000	    0.000	    0.201	    0.026
 04/07/2016 18:15:00	   18.250	    0.110	   0.0000	    0.110	    0.000	    0.110	    0.000	   0.000	    0.108	    0.000	    0.000	    0.201	    0.026
 04/07/2016 18:20:00	   18.333	    0.110	   0.0000	    0.110	    0.000	    0.110	    0.000	   0.000	    0.110	    0.000	    0.000	    0.201	    0.026
 04/07/2016 18:25:00	   18.417	    0.110	   0.0000	    0.110	    0.000	    0.110	    0.000	   0.000	    0.110	    0.000	    0.000	    0.201	    0.026
 04/07/2016 18:30:00	   18.500	    0.110	   0.0000	    0.110	    0.000	    0.110	    0.000	   0.000	    0.110	    0.000	    0.000	    0.201	    0.026
 04/07/2016 18:35:00	   18.583	    0.120	   0.0000	    0.120	    0.000	    0.110	    0.000	   0.000	    0.110	    0.000	    0.000	    0.201	    0.026
 04/07/2016 18:40:00	   18.667	    0.120	   0.0000	    0.120	    0.000	    0.120	    0.000	   0.000	    0.110	    0.000	    0.000	    0.201	    0.028
 04/07/2016 18:45:00	   18.750	    0.120	   0.0000	    0.120	    0.000	    0.120	    0.000	   0.000	    0.122	    0.000	    0.000	    0.201	    0.028
 04/07/2016 18:50:00	   18.833	    0.120	   0.0000	    0.120	    0.000	    0.120	    0.000	   0.000	    0.120	    0.000	    0.000	    0.201	    0.028
 04/07/2016 18:55:00	   18.917	    0.120	   0.0000	    0.120	    0.000	    0.120	    0.000	   0.000	    0.120	    0.000	    0.000	    0.201	    0.028
 04/07/2016 19:00:00	   19.000	    0.120	   0.0000	    0.120	    0.000	    0.120	    0.000	   0.000	    0.120	    0.000	    0.000	    0.201	    0.028
 04/07/2016 19:05:00	   19.083	    0.110	   0.0000	    0.110	    0.000	    0.120	    0.000	   0.000	    0.120	    0.000	    0.000	    0.201	    0.028
 04/07/2016 19:10:00	   19.167	    0.110	   0.0000	    0.110	    0.000	    0.110	    0.000	   0.000	    0.120	    0.000	    0.000	    0.201	    0.026
 04/07/2016 19:15:00	   19.250	    0.110	   0.0000	    0.110	    0.000	    0.110	    0.000	   0.000	    0.108	    0.000	    0.000	    0.201	    0.026
 04/07/2016 19:20:00	   19.333	    0.110	   0.0000	    0.110	    0.000	    0.110	    0.000	   0.000	    0.110	    0.000	    0.000	    0.201	    0.026
 04/07/2016 19:25:00	   19.417	    0.110	   0.0000	    0.110	    0.000	    0.110	    0.000	   0.000	    0.110	    0.000	    0.000	    0.201	    0.026
 04/07/2016 19:30:00	   19.500	    0.110	   0.0000	    0.110	    0.000	    0.110	    0.000	   0.000	    0.110	    0.000	    0.000	    0.201	    0.026
 04/07/2016 19:35:00	   19.583	    0.100	   0.0000	    0.100	    0.000	    0.110	    0.000	   0.000	    0.110	    0.000	    0.000	    0.201	    0.026
 04/07/2016 19:40:00	   19.667	    0.100	   0.0000	    0.100	    0.000	    0.100	    0.000	   0.000	    0.110	    0.000	    0.000	    0.201	    0.025
 04/07/2016 19:45:00	   19.750	    0.100	   0.0000	    0.100	    0.000	    0.100	    0.000	   0.000	    0.099	    0.000	    0.000	    0.201	    0.025
 04/07/2016 19:50:00	   19.833	    0.100	   0.0000	    0.100	    0.000	    0.100	    0.000	   0.000	    0.100	    0.000	    0.000	    0.201	    0.025
 04/07/2016 19:55:00	   19.917	    0.100	   0.0000	    0.100	    0.000	    0.100	    0.000	   0.000	    0.100	    0.000	    0.000	    0.201	    0.025
 04/07/2016 20:00:00	   20.000	    0.100	   0.0000	    0.100	    0.000	    0.100	    0.000	   0.000	    0.100	    0.000	    0.000	    0.201	    0.025
 04/07/2016 20:05:00	   20.083	    0.100	   0.0000	    0.100	    0.000	    0.100	    0.000	   0.000	    0.100	    0.000	    0.000	    0.201	    0.025
 04/07/2016 20:10:00	   20.167	    0.100	   0.0000	    0.100	    0.000	    0.100	    0.000	   0.000	    0.100	    0.000	    0.000	    0.201	    0.025
 04/07/2016 20:15:00	   20.250	    0.100	   0.0000	    0.100	    0.000	    0.100	    0.000	   0.000	    0.100	    0.000	    0.000	    0.201	    0.025
 04/07/2016 20:20:00	   20.333	    0.100	   0.0000	    0.100	    0.000	    0.100	    0.000	   0.000	    0.100	    0.000	    0.000	    0.201	    0.025
 04/07/2016 20:25:00	   20.417	    0.100	   0.0000	    0.100	    0.000	    0.100	    0.000	   0.000	    0.100	    0.000	    0.000	    0.201	    0.025
 04/07/2016 20:30:00	   20.500	    0.100	   0.0000	    0.100	    0.000	    0.100	    0.000	   0.000	    0.100	    0.000	    0.000	    0.201	    0.025
 04/07/2016 20:35:00	   20.583	    0.100	   0.0000	    0.100	    0.000	    0.100	    0.000	   0.000	    0.100	    0.000	    0.000	    0.201	    0.025
 04/07/2016 20:40:00	   20.667	    0.100	   0.0000	    0.100	    0.000	    0.100	    0.000	   0.000	    0.100	    0.000	    0.000	    0.201	    0.025
 04/07/2016 20:45:00	   20.750	    0.100	   0.0000	    0.100	    0.000	    0.100	    0.000	   0.000	    0.100	    0.000	    0.000	    0.201	    0.025
 04/07/2016 20:50:00	   20.833	    0.100	   0.0000	    0.100	    0.000	    0.100	    0.000	   0.000	    0.100	    0.000	    0.000	    0.201	    0.025
 04/07/2016 20:55:00	   20.917	    0.100	   0.0000	    0.100	    0.000	    0.100	    0.000	   0.000	    0.100	    0.000	    0.000	    0.201	    0.025
 04/07/2016 21:00:00	   21.000	    0.100	   0.0000	    0.100	    0.000	    0.100	    0.000	   0.000	    0.100	    0.000	    0.000	    0.201	    0.025
 04/07/2016 21:05:00	   21.083	    0.100	   0.0000	    0.100	    0.000	    0.100	    0.000	   0.000	    0.100	    0.000	    0.000	    0.201	    0.025
 04/07/2016 21:10:00	   21.167	    0.100	   0.0000	    0.100	    0.000	    0.100	    0.000	   0.000	    0.100	    0.000	    0.000	    0.201	    0.025
 04/07/2016 21:15:00	   21.250	    0.100	   0.0000	    0.100	    0.000	    0.100	    0.000	   0.000	    0.100	    0.000	    0.000	    0.201	    0.025
 04/07/2016 21:20:00	   21.333	    0.100	   0.0000	    0.100	    0.000	    0.100	    0.000	   0.000	    0.100	    0.000	    0.000	    0.201	    0.025
 04/07/2016 21:25:00	   21.417	    0.100	   0.0000	    0.100	    0.000	    0.100	    0.000	   0.000	    0.100	    0.000	    0.000	    0.201	    0.025
 04/07/2016 21:30:00	   21.500	    0.100	   0.0000	    0.100	    0.000	    0.100	    0.000	   0.000	    0.100	    0.000	    0.000	    0.201	    0.025
 04/07/2016 21:35:00	   21.583	    0.090	   0.0000	    0.090	    0.000	    0.100	    0.000	   0.000	    0.100	    0.000	    0.000	    0.201	    0.025
 04/07/2016 21:40:00	   21.667	    0.090	   0.0000	    0.090	    0.000	    0.090	    0.000	   0.000	    0.100	    0.000	    0.000	    0.201	    0.023
 04/07/2016 21:45:00	   21.750	    0.090	   0.0000	    0.090	    0.000	    0.090	    0.000	   0.000	    0.089	    0.000	    0.000	    0.201	    0.023
 04/07/2016 21:50:00	   21.833	    0.090	   0.0000	    0.090	    0.000	    0.090	    0.000	   0.000	    0.090	    0.000	    0.000	    0.201	    0.023
 04/07/2016 21:55:00	   21.917	    0.090	   0.0000	    0.090	    0.000	    0.090	    0.000	   0.000	    0.090	    0.000	    0.000	    0.201	    0.023
 04/07/2016 22:00:00	   22.000	    0.090	   0.0000	    0.090	    0.000	    0.090	    0.000	   0.000	    0.090	    0.000	    0.000	    0.201	    0.023
 04/07/2016 22:05:00	   22.083	    0.090	   0.0000	    0.090	    0.000	    0.090	    0.000	   0.000	    0.090	    0.000	    0.000	    0.201	    0.023
 04/07/2016 22:10:00	   22.167	    0.090	   0.0000	    0.090	    0.000	    0.090	    0.000	   0.000	    0.090	    0.000	    0.000	    0.201	    0.023
 04/07/2016 22:15:00	   22.250	    0.090	   0.0000	    0.090	    0.000	    0.090	    0.000	   0.000	    0.090	    0.000	    0.000	    0.201	    0.023
 04/07/2016 22:20:00	   22.333	    0.090	   0.0000	    0.090	    0.000	    0.090	    0.000	   0.000	    0.090	    0.000	    0.000	    0.201	    0.023
 04/07/2016 22:25:00	   22.417	    0.090	   0.0000	    0.090	    0.000	    0.090	    0.000	   0.000	    0.090	    0.000	    0.000	    0.201	    0.023
 04/07/2016 22:30:00	   22.500	    0.090	   0.0000	    0.090	    0.000	    0.090	    0.000	   0.000	    0.090	    0.000	    0.000	    0.201	    0.023
 04/07/2016 22:35:00	   22.583	    0.090	   0.0000	    0.090	    0.000	    0.090	    0.000	   0.000	    0.090	    0.000	    0.000	    0.201	    0.023
 04/07/2016 22:40:00	   22.667	    0.090	   0.0000	    0.090	    0.000	    0.090	    0.000	   0.000	    0.090	    0.000	    0.000	    0.201	    0.023
 04/07/2016 22:45:00	   22.750	    0.090	   0.0000	    0.090	    0.000	    0.090	    0.000	   0.000	    0.090	    0.000	    0.000	    0.201	    0.023
 04/07/2016 22:50:00	   22.833	    0.090	   0.0000	    0.090	    0.000	    0.090	    0.000	   0.000	    0.090	    0.000	    0.000	    0.201	    0.023
 04/07/2016 22:55:00	   22.917	    0.090	   0.0000	    0.090	    0.000	    0.090	    0.000	   0.000	    0.090	    0.000	    0.000	    0.201	    0.023
 04/07/2016 23:00:00	   23.000	    0.090	   0.0000	    0.090	    0.000	    0.090	    0.000	   0.000	    0.090	    0.000	    0.000	    0.201	    0.023
 04/07/2016 23:05:00	   23.083	    0.090	   0.0000	    0.090	    0.000	    0.090	    0.000	   0.000	    0.090	    0.000	    0.000	    0.201	    0.023
 04/07/2016 23:10:00	   23.167	    0.090	   0.0000	    0.090	    0.000	    0.090	    0.000	   0.000	    0.090	    0.000	    0.000	    0.201	    0.023
 04/07/2016 23:15:00	   23.250	    0.090	   0.0000	    0.090	    0.000	    0.090	    0.000	   0.000	    0.090	    0.000	    0.000	    0.201	    0.023
 04/07/2016 23:20:00	   23.333	    0.090	   0.0000	    0.090	    0.000	    0.090	    0.000	   0.000	    0.090	    0.000	    0.000	    0.201	    0.023
 04/07/2016 23:25:00	   23.417	    0.090	   0.0000	    0.090	    0.000	    0.090	    0.000	   0.000	    0.090	    0.000	    0.000	    0.201	    0.023
 04/07/2016 23:30:00	   23.500	    0.090	   0.0000	    0.090	    0.000	    0.090	    0.000	   0.000	    0.090	    0.000	    0.000	    0.201	    0.023
 04/07/2016 23:35:00	   23.583	    0.080	   0.0000	    0.080	    0.000	    0.090	    0.000	   0.000	    0.090	    0.000	    0.000	    0.201	    0.023
 04/07/2016 23:40:00	   23.667	    0.080	   0.0000	    0.080	    0.000	    0.080	    0.000	   0.000	    0.090	    0.000	    0.000	    0.201	    0.022
 04/07/2016 23:45:00	   23.750	    0.080	   0.0000	    0.080	    0.000	    0.080	    0.000	   0.000	    0.080	    0.000	    0.000	    0.201	    0.022
 04/07/2016 23:49:59	   23.833	    0.080	   0.0000	    0.080	    0.000	    0.080	    0.000	   0.000	    0.080	    0.000	    0.000	    0.201	    0.022