SWMM5 LID Report File

Project:  
LID Unit: SWALE in Subcatchment SWALE

                    	  Elapsed	    Total	    Total	  Surface	 Pavement	     Soil	  Storage	  Surface	    Drain	  Surface	 Pavement	     Soil	  Storage
                    	     Time	   Inflow	     Evap	    Infil	     Perc	     Perc	    Exfil	   Runoff	  OutFlow	    Level	    Level	 Moisture	    Level
Date        Time    	    Hours	    in/hr	    in/hr	    in/hr	    in/hr	    in/hr	    in/hr	    in/hr	    in/hr	   inches	   inches	  Content	   inches
----------- --------	 ---------	 ---------	 ---------	 ---------	 ---------	 ---------	 ---------	 ---------	 ---------	 ---------	 ---------	 ---------	 ---------
 04/07/2016 00:05:00	    0.083	    0.080	   0.0000	    0.080	    0.000	    0.000	    0.072	   0.000	    0.000	    0.000	    0.000	    0.000	    0.000
 04/07/2016 00:10:00	    0.167	    0.080	   0.0036	    0.084	    0.000	    0.000	    0.076	   0.000	    0.000	    0.001	    0.000	    0.000	    0.000
 04/07/2016 00:15:00	    0.250	    0.080	   0.0038	    0.089	    0.000	    0.000	    0.080	   0.000	    0.000	    0.001	    0.000	    0.000	    0.000
 04/07/2016 00:20:00	    0.333	    0.080	   0.0038	    0.087	    0.000	    0.000	    0.078	   0.000	    0.000	    0.000	    0.000	    0.000	    0.000
 04/07/2016 00:25:00	    0.417	    0.080	   0.0026	    0.083	    0.000	    0.000	    0.075	   0.000	    0.000	    0.000	    0.000	    0.000	    0.000
 04/07/2016 00:30:00	    0.500	    0.080	   0.0027	    0.083	    0.000	    0.000	    0.075	   0.000	    0.000	    0.000	    0.000	    0.000	    0.000
 04/07/2016 00:35:00	    0.583	    0.090	   0.0038	    0.096	    0.000	    0.000	    0.086	   0.000	    0.000	    0.001	    0.000	    0.000	    0.000
 04/07/2016 00:40:00	    0.667	    0.090	   0.0038	    0.097	    0.000	    0.000	    0.087	   0.000	    0.000	    0.001	    0.000	    0.000	    0.000
 04/07/2016 00:45:00	    0.750	    0.090	   0.0038	    0.096	    0.000	    0.000	    0.086	   0.000	    0.000	    0.000	    0.000	    0.000	    0.000
 04/07/2016 00:50:00	    0.833	    0.090	   0.0038	    0.095	    0.000	    0.000	    0.086	   0.000	    0.000	    0.000	    0.000	    0.000	    0.000
 04/07/2016 00:55:00	    0.917	    0.090	   0.0038	    0.095	    0.000	    0.000	    0.086	   0.000	    0.000	    0.000	    0.000	    0.000	    0.000
 04/07/2016 01:00:00	    1.000	    0.103	   0.0038	    0.109	    0.000	    0.000	    0.098	   0.000	    0.000	    0.001	    0.000	    0.000	    0.000
 04/07/2016 01:05:00	    1.083	    0.124	   0.0038	    0.131	    0.000	    0.000	    0.118	   0.000	    0.000	    0.001	    0.000	    0.000	    0.000
 04/07/2016 01:10:00	    1.167	    0.139	   0.0038	    0.148	    0.000	    0.000	    0.133	   0.000	    0.000	    0.001	    0.000	    0.000	    0.000
 04/07/2016 01:15:00	    1.250	    0.147	   0.0038	    0.158	    0.000	    0.000	    0.142	   0.001	    0.000	    0.001	    0.000	    0.000	    0.000
 04/07/2016 01:20:00	    1.333	    0.151	   0.0038	    0.163	    0.000	    0.000	    0.147	   0.001	    0.000	    0.001	    0.000	    0.000	    0.000
 04/07/2016 01:25:00	    1.417	    0.153	   0.0038	    0.165	    0.000	    0.000	    0.149	   0.001	    0.000	    0.001	    0.000	    0.000	    0.000
 04/07/2016 01:30:00	    1.500	    0.154	   0.0038	    0.166	    0.000	    0.000	    0.149	   0.001	    0.000	    0.001	    0.000	    0.000	    0.000
 04/07/2016 01:35:00	    1.583	    0.154	   0.0038	    0.166	    0.000	    0.000	    0.149	   0.001	    0.000	    0.001	    0.000	    0.000	    0.000
 04/07/2016 01:40:00	    1.667	    0.154	   0.0038	    0.166	    0.000	    0.000	    0.150	   0.001	    0.000	    0.001	    0.000	    0.000	    0.000
 04/07/2016 01:45:00	    1.750	    0.154	   0.0038	    0.167	    0.000	    0.000	    0.150	   0.001	    0.000	    0.001	    0.000	    0.000	    0.000
 04/07/2016 01:50:00	    1.833	    0.154	   0.0038	    0.167	    0.000	    0.000	    0.150	   0.001	    0.000	    0.001	    0.000	    0.000	    0.000
 04/07/2016 01:55:00	    1.917	    0.154	   0.0038	    0.166	    0.000	    0.000	    0.150	   0.001	    0.000	    0.001	    0.000	    0.000	    0.000
 04/07/2016 02:00:00	    2.000	    0.154	   0.0038	    0.166	    0.000	    0.000	    0.150	   0.001	    0.000	    0.001	    0.000	    0.000	    0.000
 04/07/2016 02:05:00	    2.083	    0.169	   0.0038	    0.181	    0.000	    0.000	    0.163	   0.001	    0.000	    0.001	    0.000	    0.000	    0.000
 04/07/2016 02:10:00	    2.167	    0.170	   0.0038	    0.183	    0.000	    0.000	    0.165	   0.001	    0.000	    0.001	    0.000	    0.000	    0.000
 04/07/2016 02:15:00	    2.250	    0.171	   0.0038	    0.185	    0.000	    0.000	    0.167	   0.001	    0.000	    0.001	    0.000	    0.000	    0.000
 04/07/2016 02:20:00	    2.333	    0.172	   0.0038	    0.186	    0.000	    0.000	    0.167	   0.001	    0.000	    0.001	    0.000	    0.000	    0.000
 04/07/2016 02:25:00	    2.417	    0.172	   0.0038	    0.186	    0.000	    0.000	    0.167	   0.001	    0.000	    0.001	    0.000	    0.000	    0.000
 04/07/2016 02:30:00	    2.500	    0.172	   0.0038	    0.185	    0.000	    0.000	    0.167	   0.001	    0.000	    0.001	    0.000	    0.000	    0.000
 04/07/2016 02:35:00	    2.583	    0.172	   0.0038	    0.186	    0.000	    0.000	    0.167	   0.001	    0.000	    0.001	    0.000	    0.000	    0.000
 04/07/2016 02:40:00	    2.667	    0.172	   0.0038	    0.186	    0.000	    0.000	    0.167	   0.001	    0.000	    0.001	    0.000	    0.000	    0.000
 04/07/2016 02:45:00	    2.750	    0.172	   0.0038	    0.186	    0.000	    0.000	    0.167	   0.001	    0.000	    0.001	    0.000	    0.000	    0.000
 04/07/2016 02:50:00	    2.833	    0.172	   0.0038	    0.186	    0.000	    0.000	    0.167	   0.001	    0.000	    0.001	    0.000	    0.000	    0.000
 04/07/2016 02:55:00	    2.917	    0.172	   0.0038	    0.186	    0.000	    0.000	    0.167	   0.001	    0.000	    0.001	    0.000	    0.000	    0.000
 04/07/2016 03:00:00	    3.000	    0.172	   0.0038	    0.186	    0.000	    0.000	    0.167	   0.001	    0.000	    0.001	    0.000	    0.000	    0.000
 04/07/2016 03:05:00	    3.083	    0.172	   0.0038	    0.186	    0.000	    0.000	    0.167	   0.001	    0.000	    0.001	    0.000	    0.000	    0.000
 04/07/2016 03:10:00	    3.167	    0.172	   0.0038	    0.186	    0.000	    0.000	    0.167	   0.001	    0.000	    0.001	    0.000	    0.000	    0.000
 04/07/2016 03:15:00	    3.250	    0.172	   0.0038	    0.186	    0.000	    0.000	    0.167	   0.001	    0.000	    0.001	    0.000	    0.000	    0.000
 04/07/2016 03:20:00	    3.333	    0.172	   0.0038	    0.186	    0.000	    0.000	    0.167	   0.001	    0.000	    0.001	    0.000	    0.000	    0.000
 04/07/2016 03:25:00	    3.417	    0.172	   0.0038	    0.186	    0.000	    0.000	    0.167	   0.001	    0.000	    0.001	    0.000	    0.000	    0.000
 04/07/2016 03:30:00	    3.500	    0.172	   0.0038	    0.186	    0.000	    0.000	    0.167	   0.001	    0.000	    0.001	    0.000	    0.000	    0.000
 04/07/2016 03:35:00	    3.583	    0.186	   0.0038	    0.200	    0.000	    0.000	    0.180	   0.001	    0.000	    0.001	    0.000	    0.000	    0.000
 04/07/2016 03:40:00	    3.667	    0.188	   0.0038	    0.203	    0.000	    0.000	    0.182	   0.001	    0.000	    0.001	    0.000	    0.000	    0.000
 04/07/2016 03:45:00	    3.750	    0.189	   0.0038	    0.205	    0.000	    0.000	    0.184	   0.001	    0.000	    0.001	    0.000	    0.000	    0.000
 04/07/2016 03:50:00	    3.833	    0.189	   0.0038	    0.205	    0.000	    0.000	    0.185	   0.001	    0.000	    0.001	    0.000	    0.000	    0.000
 04/07/2016 03:55:00	    3.917	    0.189	   0.0038	    0.205	    0.000	    0.000	    0.184	   0.001	    0.000	    0.001	    0.000	    0.000	    0.000
 04/07/2016 04:00:00	    4.000	    0.189	   0.0038	    0.205	    0.000	    0.000	    0.184	   0.001	    0.000	    0.001	    0.000	    0.000	    0.000
 04/07/2016 04:05:00	    4.083	    0.189	   0.0038	    0.205	    0.000	    0.000	    0.184	   0.001	    0.000	    0.001	    0.000	    0.000	    0.000
 04/07/2016 04:10:00	    4.167	    0.189	   0.0038	    0.205	    0.000	    0.000	    0.185	   0.001	    0.000	    0.001	    0.000	    0.000	    0.000
 04/07/2016 04:15:00	    4.250	    0.189	   0.0038	    0.205	    0.000	    0.000	    0.185	   0.001	    0.000	    0.001	    0.000	    0.000	    0.000
 04/07/2016 04:20:00	    4.333	    0.189	   0.0038	    0.205	    0.000	    0.000	    0.185	   0.001	    0.000	    0.001	    0.000	    0.000	    0.000
 04/07/2016 04:25:00	    4.417	    0.189	   0.0038	    0.205	    0.000	    0.000	    0.184	   0.001	    0.000	    0.001	    0.000	    0.000	    0.000
 04/07/2016 04:30:00	    4.500	    0.189	   0.0038	    0.205	    0.000	    0.000	    0.184	   0.001	    0.000	    0.001	    0.000	    0.000	    0.000
 04/07/2016 04:35:00	    4.583	    0.204	   0.0038	    0.219	    0.000	    0.000	    0.198	   0.001	    0.000	    0.001	    0.000	    0.000	    0.000
 04/07/2016 04:40:00	    4.667	    0.206	   0.0038	    0.222	    0.000	    0.000	    0.200	   0.001	    0.000	    0.001	    0.000	    0.000	    0.000
 04/07/2016 04:45:00	    4.750	    0.206	   0.0038	    0.224	    0.000	    0.000	    0.202	   0.001	    0.000	    0.001	    0.000	    0.000	    0.000
 04/07/2016 04:50:00	    4.833	    0.207	   0.0038	    0.225	    0.000	    0.000	    0.202	   0.001	    0.000	    0.001	    0.000	    0.000	    0.000
 04/07/2016 04:55:00	    4.917	    0.207	   0.0038	    0.224	    0.000	    0.000	    0.202	   0.001	    0.000	    0.001	    0.000	    0.000	    0.000
 04/07/2016 05:00:00	    5.000	    0.207	   0.0038	    0.224	    0.000	    0.000	    0.201	   0.001	    0.000	    0.001	    0.000	    0.000	    0.000
 04/07/2016 05:05:00	    5.083	    0.221	   0.0038	    0.239	    0.000	    0.000	    0.215	   0.001	    0.000	    0.002	    0.000	    0.000	    0.000
 04/07/2016 05:10:00	    5.167	    0.223	   0.0038	    0.241	    0.000	    0.000	    0.217	   0.001	    0.000	    0.002	    0.000	    0.000	    0.000
 04/07/2016 05:15:00	    5.250	    0.224	   0.0038	    0.243	    0.000	    0.000	    0.219	   0.002	    0.000	    0.002	    0.000	    0.000	    0.000
 04/07/2016 05:20:00	    5.333	    0.224	   0.0038	    0.244	    0.000	    0.000	    0.219	   0.002	    0.000	    0.002	    0.000	    0.000	    0.000
 04/07/2016 05:25:00	    5.417	    0.224	   0.0038	    0.243	    0.000	    0.000	    0.219	   0.002	    0.000	    0.002	    0.000	    0.000	    0.000
 04/07/2016 05:30:00	    5.500	    0.224	   0.0038	    0.243	    0.000	    0.000	    0.219	   0.001	    0.000	    0.002	    0.000	    0.000	    0.000
 04/07/2016 05:35:00	    5.583	    0.239	   0.0038	    0.258	    0.000	    0.000	    0.232	   0.002	    0.000	    0.002	    0.000	    0.000	    0.000
 04/07/2016 05:40:00	    5.667	    0.241	   0.0038	    0.261	    0.000	    0.000	    0.235	   0.002	    0.000	    0.002	    0.000	    0.000	    0.000
 04/07/2016 05:45:00	    5.750	    0.241	   0.0038	    0.263	    0.000	    0.000	    0.236	   0.002	    0.000	    0.002	    0.000	    0.000	    0.000
 04/07/2016 05:50:00	    5.833	    0.242	   0.0038	    0.263	    0.000	    0.000	    0.237	   0.002	    0.000	    0.002	    0.000	    0.000	    0.000
 04/07/2016 05:55:00	    5.917	    0.242	   0.0038	    0.262	    0.000	    0.000	    0.236	   0.002	    0.000	    0.002	    0.000	    0.000	    0.000
 04/07/2016 06:00:00	    6.000	    0.242	   0.0038	    0.262	    0.000	    0.000	    0.236	   0.002	    0.000	    0.002	    0.000	    0.000	    0.000
 04/07/2016 06:05:00	    6.083	    0.242	   0.0038	    0.263	    0.000	    0.000	    0.236	   0.002	    0.000	    0.002	    0.000	    0.000	    0.000
 04/07/2016 06:10:00	    6.167	    0.242	   0.0038	    0.263	    0.000	    0.000	    0.237	   0.002	    0.000	    0.002	    0.000	    0.000	    0.000
 04/07/2016 06:15:00	    6.250	    0.242	   0.0038	    0.263	    0.000	    0.000	    0.236	   0.002	    0.000	    0.002	    0.000	    0.000	    0.000
 04/07/2016 06:20:00	    6.333	    0.242	   0.0038	    0.263	    0.000	    0.000	    0.236	   0.002	    0.000	    0.002	    0.000	    0.000	    0.000
 04/07/2016 06:25:00	    6.417	    0.242	   0.0038	    0.263	    0.000	    0.000	    0.236	   0.002	    0.000	    0.002	    0.000	    0.000	    0.000
 04/07/2016 06:30:00	    6.500	    0.242	   0.0038	    0.263	    0.000	    0.000	    0.236	   0.002	    0.000	    0.002	    0.000	    0.000	    0.000
 04/07/2016 06:35:00	    6.583	    0.271	   0.0038	    0.292	    0.000	    0.000	    0.263	   0.002	    0.000	    0.002	    0.000	    0.000	    0.000
 04/07/2016 06:40:00	    6.667	    0.275	   0.0038	    0.297	    0.000	    0.000	    0.268	   0.002	    0.000	    0.002	    0.000	    0.000	    0.000
 04/07/2016 06:45:00	    6.750	    0.276	   0.0038	    0.301	    0.000	    0.000	    0.271	   0.002	    0.000	    0.002	    0.000	    0.000	    0.000
 04/07/2016 06:50:00	    6.833	    0.277	   0.0038	    0.302	    0.000	    0.000	    0.272	   0.002	    0.000	    0.002	    0.000	    0.000	    0.000
 04/07/2016 06:55:00	    6.917	    0.277	   0.0038	    0.301	    0.000	    0.000	    0.271	   0.002	    0.000	    0.002	    0.000	    0.000	    0.000
 04/07/2016 07:00:00	    7.000	    0.277	   0.0038	    0.300	    0.000	    0.000	    0.270	   0.002	    0.000	    0.002	    0.000	    0.000	    0.000
 04/07/2016 07:05:00	    7.083	    0.307	   0.0038	    0.330	    0.000	    0.000	    0.297	   0.002	    0.000	    0.002	    0.000	    0.000	    0.000
 04/07/2016 07:10:00	    7.167	    0.310	   0.0038	    0.336	    0.000	    0.000	    0.302	   0.003	    0.000	    0.002	    0.000	    0.000	    0.000
 04/07/2016 07:15:00	    7.250	    0.311	   0.0038	    0.340	    0.000	    0.000	    0.306	   0.003	    0.000	    0.002	    0.000	    0.000	    0.000
 04/07/2016 07:20:00	    7.333	    0.312	   0.0038	    0.340	    0.000	    0.000	    0.306	   0.003	    0.000	    0.002	    0.000	    0.000	    0.000
 04/07/2016 07:25:00	    7.417	    0.312	   0.0038	    0.339	    0.000	    0.000	    0.305	   0.003	    0.000	    0.002	    0.000	    0.000	    0.000
 04/07/2016 07:30:00	    7.500	    0.312	   0.0038	    0.338	    0.000	    0.000	    0.305	   0.003	    0.000	    0.002	    0.000	    0.000	    0.000
 04/07/2016 07:35:00	    7.583	    0.342	   0.0038	    0.369	    0.000	    0.000	    0.332	   0.003	    0.000	    0.002	    0.000	    0.000	    0.000
 04/07/2016 07:40:00	    7.667	    0.345	   0.0038	    0.375	    0.000	    0.000	    0.337	   0.003	    0.000	    0.003	    0.000	    0.000	    0.000
 04/07/2016 07:45:00	    7.750	    0.346	   0.0038	    0.378	    0.000	    0.000	    0.340	   0.004	    0.000	    0.003	    0.000	    0.000	    0.000
 04/07/2016 07:50:00	    7.833	    0.347	   0.0038	    0.378	    0.000	    0.000	    0.341	   0.004	    0.000	    0.003	    0.000	    0.000	    0.000
 04/07/2016 07:55:00	    7.917	    0.347	   0.0038	    0.377	    0.000	    0.000	    0.339	   0.003	    0.000	    0.002	    0.000	    0.000	    0.000
 04/07/2016 08:00:00	    8.000	    0.347	   0.0038	    0.377	    0.000	    0.000	    0.339	   0.003	    0.000	    0.003	    0.000	    0.000	    0.000
 04/07/2016 08:05:00	    8.083	    0.423	   0.0038	    0.453	    0.000	    0.000	    0.408	   0.003	    0.000	    0.003	    0.000	    0.000	    0.000
 04/07/2016 08:10:00	    8.167	    0.431	   0.0038	    0.466	    0.000	    0.000	    0.420	   0.004	    0.000	    0.003	    0.000	    0.000	    0.000
 04/07/2016 08:15:00	    8.250	    0.433	   0.0038	    0.475	    0.000	    0.000	    0.427	   0.006	    0.000	    0.003	    0.000	    0.000	    0.000
 04/07/2016 08:20:00	    8.333	    0.434	   0.0038	    0.475	    0.000	    0.000	    0.428	   0.006	    0.000	    0.003	    0.000	    0.000	    0.000
 04/07/2016 08:25:00	    8.417	    0.434	   0.0038	    0.472	    0.000	    0.000	    0.425	   0.005	    0.000	    0.003	    0.000	    0.000	    0.000
 04/07/2016 08:30:00	    8.500	    0.434	   0.0038	    0.471	    0.000	    0.000	    0.424	   0.005	    0.000	    0.003	    0.000	    0.000	    0.000
 04/07/2016 08:35:00	    8.583	    0.589	   0.0038	    0.627	    0.000	    0.000	    0.565	   0.005	    0.000	    0.004	    0.000	    0.000	    0.000
 04/07/2016 08:40:00	    8.667	    0.604	   0.0038	    0.653	    0.000	    0.000	    0.587	   0.007	    0.000	    0.005	    0.000	    0.000	    0.000
 04/07/2016 08:45:00	    8.750	    0.608	   0.0038	    0.669	    0.000	    0.000	    0.602	   0.010	    0.000	    0.005	    0.000	    0.000	    0.000
 04/07/2016 08:50:00	    8.833	    0.609	   0.0038	    0.668	    0.000	    0.000	    0.602	   0.010	    0.000	    0.004	    0.000	    0.000	    0.000
 04/07/2016 08:55:00	    8.917	    0.609	   0.0038	    0.661	    0.000	    0.000	    0.595	   0.008	    0.000	    0.004	    0.000	    0.000	    0.000
 04/07/2016 09:00:00	    9.000	    0.609	   0.0038	    0.659	    0.000	    0.000	    0.593	   0.008	    0.000	    0.004	    0.000	    0.000	    0.000
 04/07/2016 09:05:00	    9.083	    0.831	   0.0038	    0.885	    0.000	    0.000	    0.796	   0.009	    0.000	    0.006	    0.000	    0.000	    0.000
 04/07/2016 09:10:00	    9.167	    0.850	   0.0038	    0.919	    0.000	    0.000	    0.827	   0.013	    0.000	    0.007	    0.000	    0.000	    0.000
 04/07/2016 09:15:00	    9.250	    0.853	   0.0038	    0.938	    0.000	    0.000	    0.844	   0.018	    0.000	    0.007	    0.000	    0.000	    0.000
 04/07/2016 09:20:00	    9.333	    0.854	   0.0038	    0.935	    0.000	    0.000	    0.841	   0.017	    0.000	    0.006	    0.000	    0.000	    0.000
 04/07/2016 09:25:00	    9.417	    0.854	   0.0038	    0.923	    0.000	    0.000	    0.831	   0.013	    0.000	    0.006	    0.000	    0.000	    0.000
 04/07/2016 09:30:00	    9.500	    0.854	   0.0038	    0.923	    0.000	    0.000	    0.830	   0.013	    0.000	    0.006	    0.000	    0.000	    0.000
 04/07/2016 09:35:00	    9.583	    3.602	   0.0038	    3.678	    0.000	    0.000	    3.310	   0.015	    0.000	    0.019	    0.000	    0.000	    0.000
 04/07/2016 09:40:00	    9.667	    3.701	   0.0038	    3.868	    0.000	    0.000	    3.482	   0.098	    0.000	    0.037	    0.000	    0.000	    0.000
 04/07/2016 09:45:00	    9.750	    3.707	   0.0038	    3.705	    0.000	    0.000	    3.335	   0.296	    0.000	    0.046	    0.000	    0.000	    0.000
 04/07/2016 09:50:00	    9.833	    3.707	   0.0038	    3.569	    0.000	    0.000	    3.213	   0.419	    0.000	    0.053	    0.000	    0.000	    0.000
 04/07/2016 09:55:00	    9.917	    3.707	   0.0038	    3.456	    0.000	    0.000	    3.112	   0.524	    0.000	    0.059	    0.000	    0.000	    0.000
 04/07/2016 10:00:00	   10.000	    3.707	   0.0038	    3.361	    0.000	    0.000	    3.027	   0.634	    0.000	    0.064	    0.000	    0.000	    0.000
 04/07/2016 10:05:00	   10.083	    1.297	   0.0038	    2.065	    0.000	    0.000	    1.858	   0.015	    0.000	    0.039	    0.000	    0.000	    0.000
 04/07/2016 10:10:00	   10.167	    1.203	   0.0038	    1.673	    0.000	    0.000	    1.506	   0.320	    0.000	    0.000	    0.000	    0.000	    0.000
 04/07/2016 10:15:00	   10.250	    1.190	   0.0000	    1.190	    0.000	    0.000	    1.071	   0.000	    0.000	    0.000	    0.000	    0.000	    0.000
 04/07/2016 10:20:00	   10.333	    1.187	   0.0000	    1.187	    0.000	    0.000	    1.069	   0.000	    0.000	    0.011	    0.000	    0.000	    0.000
 04/07/2016 10:25:00	   10.417	    1.187	   0.0038	    1.319	    0.000	    0.000	    1.187	   0.039	    0.000	    0.015	    0.000	    0.000	    0.000
 04/07/2016 10:30:00	   10.500	    1.187	   0.0038	    1.361	    0.000	    0.000	    1.225	   0.061	    0.000	    0.008	    0.000	    0.000	    0.000
 04/07/2016 10:35:00	   10.583	    0.753	   0.0038	    0.846	    0.000	    0.000	    0.761	   0.022	    0.000	    0.001	    0.000	    0.000	    0.000
 04/07/2016 10:40:00	   10.667	    0.723	   0.0038	    0.740	    0.000	    0.000	    0.666	   0.001	    0.000	    0.002	    0.000	    0.000	    0.000
 04/07/2016 10:45:00	   10.750	    0.716	   0.0038	    0.743	    0.000	    0.000	    0.669	   0.003	    0.000	    0.007	    0.000	    0.000	    0.000
 04/07/2016 10:50:00	   10.833	    0.715	   0.0038	    0.793	    0.000	    0.000	    0.714	   0.016	    0.000	    0.008	    0.000	    0.000	    0.000
 04/07/2016 10:55:00	   10.917	    0.714	   0.0038	    0.805	    0.000	    0.000	    0.725	   0.021	    0.000	    0.005	    0.000	    0.000	    0.000
 04/07/2016 11:00:00	   11.000	    0.714	   0.0038	    0.775	    0.000	    0.000	    0.698	   0.011	    0.000	    0.004	    0.000	    0.000	    0.000
 04/07/2016 11:05:00	   11.083	    0.557	   0.0038	    0.600	    0.000	    0.000	    0.540	   0.006	    0.000	    0.004	    0.000	    0.000	    0.000
 04/07/2016 11:10:00	   11.167	    0.544	   0.0038	    0.592	    0.000	    0.000	    0.533	   0.007	    0.000	    0.004	    0.000	    0.000	    0.000
 04/07/2016 11:15:00	   11.250	    0.541	   0.0038	    0.593	    0.000	    0.000	    0.534	   0.008	    0.000	    0.004	    0.000	    0.000	    0.000
 04/07/2016 11:20:00	   11.333	    0.540	   0.0038	    0.589	    0.000	    0.000	    0.530	   0.008	    0.000	    0.004	    0.000	    0.000	    0.000
 04/07/2016 11:25:00	   11.417	    0.539	   0.0038	    0.585	    0.000	    0.000	    0.527	   0.007	    0.000	    0.004	    0.000	    0.000	    0.000
 04/07/2016 11:30:00	   11.500	    0.539	   0.0038	    0.585	    0.000	    0.000	    0.527	   0.007	    0.000	    0.004	    0.000	    0.000	    0.000
 04/07/2016 11:35:00	   11.583	    0.478	   0.0038	    0.526	    0.000	    0.000	    0.474	   0.007	    0.000	    0.004	    0.000	    0.000	    0.000
 04/07/2016 11:40:00	   11.667	    0.472	   0.0038	    0.518	    0.000	    0.000	    0.466	   0.007	    0.000	    0.003	    0.000	    0.000	    0.000
 04/07/2016 11:45:00	   11.750	    0.470	   0.0038	    0.509	    0.000	    0.000	    0.459	   0.005	    0.000	    0.003	    0.000	    0.000	    0.000
 04/07/2016 11:50:00	   11.833	    0.470	   0.0038	    0.508	    0.000	    0.000	    0.457	   0.005	    0.000	    0.003	    0.000	    0.000	    0.000
 04/07/2016 11:55:00	   11.917	    0.469	   0.0038	    0.511	    0.000	    0.000	    0.460	   0.006	    0.000	    0.004	    0.000	    0.000	    0.000
 04/07/2016 12:00:00	   12.000	    0.469	   0.0038	    0.513	    0.000	    0.000	    0.462	   0.006	    0.000	    0.004	    0.000	    0.000	    0.000
 04/07/2016 12:05:00	   12.083	    0.423	   0.0038	    0.466	    0.000	    0.000	    0.419	   0.006	    0.000	    0.003	    0.000	    0.000	    0.000
 04/07/2016 12:10:00	   12.167	    0.419	   0.0038	    0.457	    0.000	    0.000	    0.411	   0.005	    0.000	    0.003	    0.000	    0.000	    0.000
 04/07/2016 12:15:00	   12.250	    0.417	   0.0038	    0.452	    0.000	    0.000	    0.407	   0.004	    0.000	    0.003	    0.000	    0.000	    0.000
 04/07/2016 12:20:00	   12.333	    0.417	   0.0038	    0.453	    0.000	    0.000	    0.407	   0.004	    0.000	    0.003	    0.000	    0.000	    0.000
 04/07/2016 12:25:00	   12.417	    0.417	   0.0038	    0.455	    0.000	    0.000	    0.409	   0.005	    0.000	    0.003	    0.000	    0.000	    0.000
 04/07/2016 12:30:00	   12.500	    0.417	   0.0038	    0.455	    0.000	    0.000	    0.410	   0.005	    0.000	    0.003	    0.000	    0.000	    0.000
 04/07/2016 12:35:00	   12.583	    0.386	   0.0038	    0.423	    0.000	    0.000	    0.381	   0.005	    0.000	    0.003	    0.000	    0.000	    0.000
 04/07/2016 12:40:00	   12.667	    0.383	   0.0038	    0.418	    0.000	    0.000	    0.376	   0.004	    0.000	    0.003	    0.000	    0.000	    0.000
 04/07/2016 12:45:00	   12.750	    0.382	   0.0038	    0.415	    0.000	    0.000	    0.373	   0.004	    0.000	    0.003	    0.000	    0.000	    0.000
 04/07/2016 12:50:00	   12.833	    0.382	   0.0038	    0.415	    0.000	    0.000	    0.374	   0.004	    0.000	    0.003	    0.000	    0.000	    0.000
 04/07/2016 12:55:00	   12.917	    0.382	   0.0038	    0.416	    0.000	    0.000	    0.375	   0.004	    0.000	    0.003	    0.000	    0.000	    0.000
 04/07/2016 13:00:00	   13.000	    0.382	   0.0038	    0.416	    0.000	    0.000	    0.375	   0.004	    0.000	    0.003	    0.000	    0.000	    0.000
 04/07/2016 13:05:00	   13.083	    0.352	   0.0038	    0.385	    0.000	    0.000	    0.347	   0.004	    0.000	    0.003	    0.000	    0.000	    0.000
 04/07/2016 13:10:00	   13.167	    0.348	   0.0038	    0.380	    0.000	    0.000	    0.342	   0.004	    0.000	    0.002	    0.000	    0.000	    0.000
 04/07/2016 13:15:00	   13.250	    0.347	   0.0038	    0.377	    0.000	    0.000	    0.339	   0.003	    0.000	    0.002	    0.000	    0.000	    0.000
 04/07/2016 13:20:00	   13.333	    0.347	   0.0038	    0.377	    0.000	    0.000	    0.339	   0.003	    0.000	    0.003	    0.000	    0.000	    0.000
 04/07/2016 13:25:00	   13.417	    0.347	   0.0038	    0.378	    0.000	    0.000	    0.340	   0.003	    0.000	    0.003	    0.000	    0.000	    0.000
 04/07/2016 13:30:00	   13.500	    0.347	   0.0038	    0.378	    0.000	    0.000	    0.340	   0.004	    0.000	    0.003	    0.000	    0.000	    0.000
 04/07/2016 13:35:00	   13.583	    0.317	   0.0038	    0.348	    0.000	    0.000	    0.313	   0.003	    0.000	    0.002	    0.000	    0.000	    0.000
 04/07/2016 13:40:00	   13.667	    0.314	   0.0038	    0.342	    0.000	    0.000	    0.308	   0.003	    0.000	    0.002	    0.000	    0.000	    0.000
 04/07/2016 13:45:00	   13.750	    0.312	   0.0038	    0.339	    0.000	    0.000	    0.305	   0.003	    0.000	    0.002	    0.000	    0.000	    0.000
 04/07/2016 13:50:00	   13.833	    0.312	   0.0038	    0.338	    0.000	    0.000	    0.305	   0.003	    0.000	    0.002	    0.000	    0.000	    0.000
 04/07/2016 13:55:00	   13.917	    0.312	   0.0038	    0.340	    0.000	    0.000	    0.306	   0.003	    0.000	    0.002	    0.000	    0.000	    0.000
 04/07/2016 14:00:00	   14.000	    0.312	   0.0038	    0.340	    0.000	    0.000	    0.306	   0.003	    0.000	    0.002	    0.000	    0.000	    0.000
 04/07/2016 14:05:00	   14.083	    0.297	   0.0038	    0.324	    0.000	    0.000	    0.292	   0.003	    0.000	    0.002	    0.000	    0.000	    0.000
 04/07/2016 14:10:00	   14.167	    0.295	   0.0038	    0.321	    0.000	    0.000	    0.289	   0.003	    0.000	    0.002	    0.000	    0.000	    0.000
 04/07/2016 14:15:00	   14.250	    0.295	   0.0038	    0.320	    0.000	    0.000	    0.288	   0.002	    0.000	    0.002	    0.000	    0.000	    0.000
 04/07/2016 14:20:00	   14.333	    0.294	   0.0038	    0.320	    0.000	    0.000	    0.288	   0.002	    0.000	    0.002	    0.000	    0.000	    0.000
 04/07/2016 14:25:00	   14.417	    0.294	   0.0038	    0.320	    0.000	    0.000	    0.288	   0.003	    0.000	    0.002	    0.000	    0.000	    0.000
 04/07/2016 14:30:00	   14.500	    0.294	   0.0038	    0.320	    0.000	    0.000	    0.288	   0.003	    0.000	    0.002	    0.000	    0.000	    0.000
 04/07/2016 14:35:00	   14.583	    0.280	   0.0038	    0.305	    0.000	    0.000	    0.275	   0.003	    0.000	    0.002	    0.000	    0.000	    0.000
 04/07/2016 14:40:00	   14.667	    0.278	   0.0038	    0.303	    0.000	    0.000	    0.272	   0.002	    0.000	    0.002	    0.000	    0.000	    0.000
 04/07/2016 14:45:00	   14.750	    0.277	   0.0038	    0.301	    0.000	    0.000	    0.271	   0.002	    0.000	    0.002	    0.000	    0.000	    0.000
 04/07/2016 14:50:00	   14.833	    0.277	   0.0038	    0.301	    0.000	    0.000	    0.271	   0.002	    0.000	    0.002	    0.000	    0.000	    0.000
 04/07/2016 14:55:00	   14.917	    0.277	   0.0038	    0.301	    0.000	    0.000	    0.271	   0.002	    0.000	    0.002	    0.000	    0.000	    0.000
 04/07/2016 15:00:00	   15.000	    0.277	   0.0038	    0.301	    0.000	    0.000	    0.271	   0.002	    0.000	    0.002	    0.000	    0.000	    0.000
 04/07/2016 15:05:00	   15.083	    0.277	   0.0038	    0.301	    0.000	    0.000	    0.271	   0.002	    0.000	    0.002	    0.000	    0.000	    0.000
 04/07/2016 15:10:00	   15.167	    0.277	   0.0038	    0.301	    0.000	    0.000	    0.271	   0.002	    0.000	    0.002	    0.000	    0.000	    0.000
 04/07/2016 15:15:00	   15.250	    0.277	   0.0038	    0.301	    0.000	    0.000	    0.271	   0.002	    0.000	    0.002	    0.000	    0.000	    0.000
 04/07/2016 15:20:00	   15.333	    0.277	   0.0038	    0.301	    0.000	    0.000	    0.271	   0.002	    0.000	    0.002	    0.000	    0.000	    0.000
 04/07/2016 15:25:00	   15.417	    0.277	   0.0038	    0.301	    0.000	    0.000	    0.271	   0.002	    0.000	    0.002	    0.000	    0.000	    0.000
 04/07/2016 15:30:00	   15.500	    0.277	   0.0038	    0.301	    0.000	    0.000	    0.271	   0.002	    0.000	    0.002	    0.000	    0.000	    0.000
 04/07/2016 15:35:00	   15.583	    0.262	   0.0038	    0.286	    0.000	    0.000	    0.258	   0.002	    0.000	    0.002	    0.000	    0.000	    0.000
 04/07/2016 15:40:00	   15.667	    0.260	   0.0038	    0.284	    0.000	    0.000	    0.255	   0.002	    0.000	    0.002	    0.000	    0.000	    0.000
 04/07/2016 15:45:00	   15.750	    0.260	   0.0038	    0.282	    0.000	    0.000	    0.254	   0.002	    0.000	    0.002	    0.000	    0.000	    0.000
 04/07/2016 15:50:00	   15.833	    0.260	   0.0038	    0.281	    0.000	    0.000	    0.253	   0.002	    0.000	    0.002	    0.000	    0.000	    0.000
 04/07/2016 15:55:00	   15.917	    0.259	   0.0038	    0.282	    0.000	    0.000	    0.254	   0.002	    0.000	    0.002	    0.000	    0.000	    0.000
 04/07/2016 16:00:00	   16.000	    0.259	   0.0038	    0.282	    0.000	    0.000	    0.254	   0.002	    0.000	    0.002	    0.000	    0.000	    0.000
 04/07/2016 16:05:00	   16.083	    0.245	   0.0038	    0.267	    0.000	    0.000	    0.241	   0.002	    0.000	    0.002	    0.000	    0.000	    0.000
 04/07/2016 16:10:00	   16.167	    0.243	   0.0038	    0.264	    0.000	    0.000	    0.238	   0.002	    0.000	    0.002	    0.000	    0.000	    0.000
 04/07/2016 16:15:00	   16.250	    0.242	   0.0038	    0.262	    0.000	    0.000	    0.236	   0.002	    0.000	    0.002	    0.000	    0.000	    0.000
 04/07/2016 16:20:00	   16.333	    0.242	   0.0038	    0.262	    0.000	    0.000	    0.236	   0.002	    0.000	    0.002	    0.000	    0.000	    0.000
 04/07/2016 16:25:00	   16.417	    0.242	   0.0038	    0.263	    0.000	    0.000	    0.237	   0.002	    0.000	    0.002	    0.000	    0.000	    0.000
 04/07/2016 16:30:00	   16.500	    0.242	   0.0038	    0.263	    0.000	    0.000	    0.237	   0.002	    0.000	    0.002	    0.000	    0.000	    0.000
 04/07/2016 16:35:00	   16.583	    0.227	   0.0038	    0.248	    0.000	    0.000	    0.223	   0.002	    0.000	    0.002	    0.000	    0.000	    0.000
 04/07/2016 16:40:00	   16.667	    0.226	   0.0038	    0.245	    0.000	    0.000	    0.221	   0.002	    0.000	    0.002	    0.000	    0.000	    0.000
 04/07/2016 16:45:00	   16.750	    0.225	   0.0038	    0.243	    0.000	    0.000	    0.219	   0.001	    0.000	    0.002	    0.000	    0.000	    0.000
 04/07/2016 16:50:00	   16.833	    0.225	   0.0038	    0.243	    0.000	    0.000	    0.219	   0.001	    0.000	    0.002	    0.000	    0.000	    0.000
 04/07/2016 16:55:00	   16.917	    0.224	   0.0038	    0.244	    0.000	    0.000	    0.219	   0.002	    0.000	    0.002	    0.000	    0.000	    0.000
 04/07/2016 17:00:00	   17.000	    0.224	   0.0038	    0.244	    0.000	    0.000	    0.219	   0.002	    0.000	    0.002	    0.000	    0.000	    0.000
 04/07/2016 17:05:00	   17.083	    0.224	   0.0038	    0.244	    0.000	    0.000	    0.219	   0.002	    0.000	    0.002	    0.000	    0.000	    0.000
 04/07/2016 17:10:00	   17.167	    0.224	   0.0038	    0.243	    0.000	    0.000	    0.219	   0.002	    0.000	    0.002	    0.000	    0.000	    0.000
 04/07/2016 17:15:00	   17.250	    0.224	   0.0038	    0.243	    0.000	    0.000	    0.219	   0.002	    0.000	    0.002	    0.000	    0.000	    0.000
 04/07/2016 17:20:00	   17.333	    0.224	   0.0038	    0.243	    0.000	    0.000	    0.219	   0.002	    0.000	    0.002	    0.000	    0.000	    0.000
 04/07/2016 17:25:00	   17.417	    0.224	   0.0038	    0.244	    0.000	    0.000	    0.219	   0.002	    0.000	    0.002	    0.000	    0.000	    0.000
 04/07/2016 17:30:00	   17.500	    0.224	   0.0038	    0.243	    0.000	    0.000	    0.219	   0.002	    0.000	    0.002	    0.000	    0.000	    0.000
 04/07/2016 17:35:00	   17.583	    0.210	   0.0038	    0.229	    0.000	    0.000	    0.206	   0.002	    0.000	    0.002	    0.000	    0.000	    0.000
 04/07/2016 17:40:00	   17.667	    0.208	   0.0038	    0.226	    0.000	    0.000	    0.204	   0.001	    0.000	    0.001	    0.000	    0.000	    0.000
 04/07/2016 17:45:00	   17.750	    0.207	   0.0038	    0.224	    0.000	    0.000	    0.202	   0.001	    0.000	    0.001	    0.000	    0.000	    0.000
 04/07/2016 17:50:00	   17.833	    0.207	   0.0038	    0.224	    0.000	    0.000	    0.201	   0.001	    0.000	    0.001	    0.000	    0.000	    0.000
 04/07/2016 17:55:00	   17.917	    0.207	   0.0038	    0.224	    0.000	    0.000	    0.202	   0.001	    0.000	    0.001	    0.000	    0.000	    0.000
 04/07/2016 18:00:00	   18.000	    0.207	   0.0038	    0.225	    0.000	    0.000	    0.202	   0.001	    0.000	    0.001	    0.000	    0.000	    0.000
 04/07/2016 18:05:00	   18.083	    0.192	   0.0038	    0.210	    0.000	    0.000	    0.189	   0.001	    0.000	    0.001	    0.000	    0.000	    0.000
 04/07/2016 18:10:00	   18.167	    0.191	   0.0038	    0.207	    0.000	    0.000	    0.186	   0.001	    0.000	    0.001	    0.000	    0.000	    0.000
 04/07/2016 18:15:00	   18.250	    0.190	   0.0038	    0.205	    0.000	    0.000	    0.185	   0.001	    0.000	    0.001	    0.000	    0.000	    0.000
 04/07/2016 18:20:00	   18.333	    0.190	   0.0038	    0.205	    0.000	    0.000	    0.184	   0.001	    0.000	    0.001	    0.000	    0.000	    0.000
 04/07/2016 18:25:00	   18.417	    0.189	   0.0038	    0.205	    0.000	    0.000	    0.185	   0.001	    0.000	    0.001	    0.000	    0.000	    0.000
 04/07/2016 18:30:00	   18.500	    0.189	   0.0038	    0.205	    0.000	    0.000	    0.185	   0.001	    0.000	    0.001	    0.000	    0.000	    0.000
 04/07/2016 18:35:00	   18.583	    0.204	   0.0038	    0.220	    0.000	    0.000	    0.198	   0.001	    0.000	    0.001	    0.000	    0.000	    0.000
 04/07/2016 18:40:00	   18.667	    0.206	   0.0038	    0.222	    0.000	    0.000	    0.200	   0.001	    0.000	    0.001	    0.000	    0.000	    0.000
 04/07/2016 18:45:00	   18.750	    0.206	   0.0038	    0.224	    0.000	    0.000	    0.202	   0.001	    0.000	    0.001	    0.000	    0.000	    0.000
 04/07/2016 18:50:00	   18.833	    0.207	   0.0038	    0.225	    0.000	    0.000	    0.202	   0.001	    0.000	    0.001	    0.000	    0.000	    0.000
 04/07/2016 18:55:00	   18.917	    0.207	   0.0038	    0.224	    0.000	    0.000	    0.202	   0.001	    0.000	    0.001	    0.000	    0.000	    0.000
 04/07/2016 19:00:00	   19.000	    0.207	   0.0038	    0.224	    0.000	    0.000	    0.202	   0.001	    0.000	    0.001	    0.000	    0.000	    0.000
 04/07/2016 19:05:00	   19.083	    0.192	   0.0038	    0.210	    0.000	    0.000	    0.189	   0.001	    0.000	    0.001	    0.000	    0.000	    0.000
 04/07/2016 19:10:00	   19.167	    0.191	   0.0038	    0.207	    0.000	    0.000	    0.187	   0.001	    0.000	    0.001	    0.000	    0.000	    0.000
 04/07/2016 19:15:00	   19.250	    0.190	   0.0038	    0.205	    0.000	    0.000	    0.185	   0.001	    0.000	    0.001	    0.000	    0.000	    0.000
 04/07/2016 19:20:00	   19.333	    0.190	   0.0038	    0.205	    0.000	    0.000	    0.184	   0.001	    0.000	    0.001	    0.000	    0.000	    0.000
 04/07/2016 19:25:00	   19.417	    0.189	   0.0038	    0.205	    0.000	    0.000	    0.185	   0.001	    0.000	    0.001	    0.000	    0.000	    0.000
 04/07/2016 19:30:00	   19.500	    0.189	   0.0038	    0.205	    0.000	    0.000	    0.185	   0.001	    0.000	    0.001	    0.000	    0.000	    0.000
 04/07/2016 19:35:00	   19.583	    0.175	   0.0038	    0.191	    0.000	    0.000	    0.172	   0.001	    0.000	    0.001	    0.000	    0.000	    0.000
 04/07/2016 19:40:00	   19.667	    0.173	   0.0038	    0.188	    0.000	    0.000	    0.169	   0.001	    0.000	    0.001	    0.000	    0.000	    0.000
 04/07/2016 19:45:00	   19.750	    0.172	   0.0038	    0.186	    0.000	    0.000	    0.167	   0.001	    0.000	    0.001	    0.000	    0.000	    0.000
 04/07/2016 19:50:00	   19.833	    0.172	   0.0038	    0.185	    0.000	    0.000	    0.167	   0.001	    0.000	    0.001	    0.000	    0.000	    0.000
 04/07/2016 19:55:00	   19.917	    0.172	   0.0038	    0.186	    0.000	    0.000	    0.167	   0.001	    0.000	    0.001	    0.000	    0.000	    0.000
 04/07/2016 20:00:00	   20.000	    0.172	   0.0038	    0.186	    0.000	    0.000	    0.168	   0.001	    0.000	    0.001	    0.000	    0.000	    0.000
 04/07/2016 20:05:00	   20.083	    0.172	   0.0038	    0.186	    0.000	    0.000	    0.167	   0.001	    0.000	    0.001	    0.000	    0.000	    0.000
 04/07/2016 20:10:00	   20.167	    0.172	   0.0038	    0.186	    0.000	    0.000	    0.167	   0.001	    0.000	    0.001	    0.000	    0.000	    0.000
 04/07/2016 20:15:00	   20.250	    0.172	   0.0038	    0.186	    0.000	    0.000	    0.167	   0.001	    0.000	    0.001	    0.000	    0.000	    0.000
 04/07/2016 20:20:00	   20.333	    0.172	   0.0038	    0.186	    0.000	    0.000	    0.167	   0.001	    0.000	    0.001	    0.000	    0.000	    0.000
 04/07/2016 20:25:00	   20.417	    0.172	   0.0038	    0.186	    0.000	    0.000	    0.167	   0.001	    0.000	    0.001	    0.000	    0.000	    0.000
 04/07/2016 20:30:00	   20.500	    0.172	   0.0038	    0.186	    0.000	    0.000	    0.167	   0.001	    0.000	    0.001	    0.000	    0.000	    0.000
 04/07/2016 20:35:00	   20.583	    0.172	   0.0038	    0.186	    0.000	    0.000	    0.167	   0.001	    0.000	    0.001	    0.000	    0.000	    0.000
 04/07/2016 20:40:00	   20.667	    0.172	   0.0038	    0.186	    0.000	    0.000	    0.167	   0.001	    0.000	    0.001	    0.000	    0.000	    0.000
 04/07/2016 20:45:00	   20.750	    0.172	   0.0038	    0.186	    0.000	    0.000	    0.167	   0.001	    0.000	    0.001	    0.000	    0.000	    0.000
 04/07/2016 20:50:00	   20.833	    0.172	   0.0038	    0.186	    0.000	    0.000	    0.167	   0.001	    0.000	    0.001	    0.000	    0.000	    0.000
 04/07/2016 20:55:00	   20.917	    0.172	   0.0038	    0.186	    0.000	    0.000	    0.167	   0.001	    0.000	    0.001	    0.000	    0.000	    0.000
 04/07/2016 21:00:00	   21.000	    0.172	   0.0038	    0.186	    0.000	    0.000	    0.167	   0.001	    0.000	    0.001	    0.000	    0.000	    0.000
 04/07/2016 21:05:00	   21.083	    0.172	   0.0038	    0.186	    0.000	    0.000	    0.167	   0.001	    0.000	    0.001	    0.000	    0.000	    0.000
 04/07/2016 21:10:00	   21.167	    0.172	   0.0038	    0.186	    0.000	    0.000	    0.167	   0.001	    0.000	    0.001	    0.000	    0.000	    0.000
 04/07/2016 21:15:00	   21.250	    0.172	   0.0038	    0.186	    0.000	    0.000	    0.167	   0.001	    0.000	    0.001	    0.000	    0.000	    0.000
 04/07/2016 21:20:00	   21.333	    0.172	   0.0038	    0.186	    0.000	    0.000	    0.167	   0.001	    0.000	    0.001	    0.000	    0.000	    0.000
 04/07/2016 21:25:00	   21.417	    0.172	   0.0038	    0.186	    0.000	    0.000	    0.167	   0.001	    0.000	    0.001	    0.000	    0.000	    0.000
 04/07/2016 21:30:00	   21.500	    0.172	   0.0038	    0.186	    0.000	    0.000	    0.167	   0.001	    0.000	    0.001	    0.000	    0.000	    0.000
 04/07/2016 21:35:00	   21.583	    0.158	   0.0038	    0.172	    0.000	    0.000	    0.154	   0.001	    0.000	    0.001	    0.000	    0.000	    0.000
 04/07/2016 21:40:00	   21.667	    0.156	   0.0038	    0.169	    0.000	    0.000	    0.152	   0.001	    0.000	    0.001	    0.000	    0.000	    0.000
 04/07/2016 21:45:00	   21.750	    0.155	   0.0038	    0.167	    0.000	    0.000	    0.150	   0.001	    0.000	    0.001	    0.000	    0.000	    0.000
 04/07/2016 21:50:00	   21.833	    0.155	   0.0038	    0.166	    0.000	    0.000	    0.150	   0.001	    0.000	    0.001	    0.000	    0.000	    0.000
 04/07/2016 21:55:00	   21.917	    0.155	   0.0038	    0.167	    0.000	    0.000	    0.150	   0.001	    0.000	    0.001	    0.000	    0.000	    0.000
 04/07/2016 22:00:00	   22.000	    0.154	   0.0038	    0.167	    0.000	    0.000	    0.150	   0.001	    0.000	    0.001	    0.000	    0.000	    0.000
 04/07/2016 22:05:00	   22.083	    0.154	   0.0038	    0.167	    0.000	    0.000	    0.150	   0.001	    0.000	    0.001	    0.000	    0.000	    0.000
 04/07/2016 22:10:00	   22.167	    0.154	   0.0038	    0.166	    0.000	    0.000	    0.150	   0.001	    0.000	    0.001	    0.000	    0.000	    0.000
 04/07/2016 22:15:00	   22.250	    0.154	   0.0038	    0.166	    0.000	    0.000	    0.150	   0.001	    0.000	    0.001	    0.000	    0.000	    0.000
 04/07/2016 22:20:00	   22.333	    0.154	   0.0038	    0.167	    0.000	    0.000	    0.150	   0.001	    0.000	    0.001	    0.000	    0.000	    0.000
 04/07/2016 22:25:00	   22.417	    0.154	   0.0038	    0.167	    0.000	    0.000	    0.150	   0.001	    0.000	    0.001	    0.000	    0.000	    0.000
 04/07/2016 22:30:00	   22.500	    0.154	   0.0038	    0.167	    0.000	    0.000	    0.150	   0.001	    0.000	    0.001	    0.000	    0.000	    0.000
 04/07/2016 22:35:00	   22.583	    0.154	   0.0038	    0.167	    0.000	    0.000	    0.150	   0.001	    0.000	    0.001	    0.000	    0.000	    0.000
 04/07/2016 22:40:00	   22.667	    0.154	   0.0038	    0.167	    0.000	    0.000	    0.150	   0.001	    0.000	    0.001	    0.000	    0.000	    0.000
 04/07/2016 22:45:00	   22.750	    0.154	   0.0038	    0.167	    0.000	    0.000	    0.150	   0.001	    0.000	    0.001	    0.000	    0.000	    0.000
 04/07/2016 22:50:00	   22.833	    0.154	   0.0038	    0.167	    0.000	    0.000	    0.150	   0.001	    0.000	    0.001	    0.000	    0.000	    0.000
 04/07/2016 22:55:00	   22.917	    0.154	   0.0038	    0.167	    0.000	    0.000	    0.150	   0.001	    0.000	    0.001	    0.000	    0.000	    0.000
 04/07/2016 23:00:00	   23.000	    0.154	   0.0038	    0.167	    0.000	    0.000	    0.150	   0.001	    0.000	    0.001	    0.000	    0.000	    0.000
 04/07/2016 23:05:00	   23.083	    0.154	   0.0038	    0.167	    0.000	    0.000	    0.150	   0.001	    0.000	    0.001	    0.000	    0.000	    0.000
 04/07/2016 23:10:00	   23.167	    0.154	   0.0038	    0.167	    0.000	    0.000	    0.150	   0.001	    0.000	    0.001	    0.000	    0.000	    0.000
 04/07/2016 23:15:00	   23.250	    0.154	   0.0038	    0.167	    0.000	    0.000	    0.150	   0.001	    0.000	    0.001	    0.000	    0.000	    0.000
 04/07/2016 23:20:00	   23.333	    0.154	   0.0038	    0.167	    0.000	    0.000	    0.150	   0.001	    0.000	    0.001	    0.000	    0.000	    0.000
 04/07/2016 23:25:00	   23.417	    0.154	   0.0038	    0.167	    0.000	    0.000	    0.150	   0.001	    0.000	    0.001	    0.000	    0.000	    0.000
 04/07/2016 23:30:00	   23.500	    0.154	   0.0038	    0.167	    0.000	    0.000	    0.150	   0.001	    0.000	    0.001	    0.000	    0.000	    0.000
 04/07/2016 23:35:00	   23.583	    0.140	   0.0038	    0.152	    0.000	    0.000	    0.137	   0.001	    0.000	    0.001	    0.000	    0.000	    0.000
 04/07/2016 23:40:00	   23.667	    0.138	   0.0038	    0.150	    0.000	    0.000	    0.135	   0.001	    0.000	    0.001	    0.000	    0.000	    0.000
 04/07/2016 23:45:00	   23.750	    0.138	   0.0038	    0.148	    0.000	    0.000	    0.133	   0.001	    0.000	    0.001	    0.000	    0.000	    0.000
 04/07/2016 23:49:59	   23.833	    0.137	   0.0038	    0.147	    0.000	    0.000	    0.132	   0.001	    0.000	    0.001	    0.000	    0.000	    0.000