SW  1  0  0
MM  3  10 11 12
$EXTRAN
A1  'STEVEN FITZMAURICE AND PARTNERS LTD EXAMPLE'
A1  'FLOW IS CONSTANT INTO 402, 501 AND VARYING INTO 122, 110, 136, 218, 301'
*
*  OPTIONAL SOLUTION TECHNIQUES ON DATA GROUP B0.
*  THE B0 LINE IS COMPLETELY OPTIONAL WITH THE DEFAULT
*              SOLUTION BEING ISOL = 0 AND KSUPER = 0.
*  B0 PARAMETERS : ISOL   = 0 --> EXPLICIT EXTRAN SOLUTION
*                  ISOL   = 1 --> SEMI-IMPLICIT SOLUTION
*                  ISOL   = 2 --> ITERATIVE EXTRAN SOLUTION
*                  KSUPER = 0 --> SUPERCRITICAL FLOW WHEN WATER SURFACE
*                                 SLOPE IS LESS THAN THE CONDUIT INVERT SLOPE.
*                  KSUPER = 1 --> SUPERCRITICAL FLOW WHEN WATER SURFACE
*                                 SLOPE IS LESS THAN THE CONDUIT INVERT 
*                                 SLOPE AND THE FROUDE # IS > OR = 1.0.
*  ISOL KSUPER 
B0  2     1     
*   NTCYC DELT  TZERO NSTART INTER JNTER REDO
*B1  540   20.0    8.0    1     100   10  0
*B1  360   30.0    8.0    1      10   10  0
B1  180   60.0    8.0    1     20   10  0
*   METRIC NEQUAL  AMEN ITMAX SURTOL
* B2    0    0      0.0   30    0.10 
B2     0   30      0.0   10    0.0025
* NHPRT NQPRT NPLT LPLT NJSW
B3  17   20    10   14   5
*B3   2    2     1     1   5
*   PRINT HEADS
B4  1 101 105 110 115 120 122 125 130 136 206 209 212 215 217 218 601
*   PRINT FLOWS
B5  1 101 105 109 110 115 120 122 125 130 135 136 137 145 146 147 150 154 155 156 157 159 
*   PLOT HEADS
B4  101 110 122 136 136 209 212 217 218 301 601
*   PLOT FLOWS
B7  101 108 111 120 124 134 145 146 147 149 154 155 157 159 
*   CONDUIT DATA
*   NCOND NJ1  NJ2   QO  NKLASS AFULL DEEP WIDE LEN   ZP1  ZP2  ROUGH STHETA SPHI
C1    1   101    1   0.0   1     0.0  2.5  2.5  179.  0.0  0.0  0.0115 0.0    0.0
C1   101  102  101   0.0   1     0.0  2.5  2.5  179.  0.0  0.0  0.0115 0.0    0.0
C1   102  103  102   0.0   1     0.0  2.5  2.5  183.  0.0  0.0  0.015  0.0    0.0
C1   103  104  103   0.0   1     0.0  2.5  2.5  183.  0.0  0.0  0.015  0.0    0.0
C1   104  105  104   0.0   1     0.0  2.5  2.5  183.  0.0  0.0  0.015  0.0    0.0
C1   105  106  105   0.0   1     0.0  2.5  2.5  183.  0.0  0.0  0.015  0.0    0.0
C1   106  107  106   0.0   1     0.0  2.5  2.5  183.  0.0  0.0  0.015  0.0    0.0
C1   107  108  107   0.0   1     0.0  2.5  2.5  183.  0.0  0.0  0.015  0.0    0.0
C1   108  109  108   0.0   1     0.0  2.5  2.5  183.  0.0  0.0  0.015  0.0    0.0
C1   109  110  109   0.0   1     0.0  2.5  2.5  183.  0.0  0.0  0.015  0.0    0.0
C1   110  111  110   0.0   1     0.0 2.25 2.25  175.  0.0  0.05 0.015  0.0    0.0
C1   111  112  111   0.0   1     0.0 2.25 2.25  175.  0.0  0.0  0.015  0.0    0.0
C1   112  113  112   0.0   1     0.0 2.25 2.25  175.  0.0  0.0  0.015  0.0    0.0
C1   113  114  113   0.0   1     0.0 2.25 2.25  175.  0.0  0.0  0.015  0.0    0.0
C1   114  115  114   0.0   1     0.0 2.25 2.25  175.  0.0  0.0  0.015  0.0    0.0
C1   115  116  115   0.0   1     0.0 2.25 2.25  175.  0.0  0.0  0.015  0.0    0.0
C1   116  117  116   0.0   1     0.0 2.25 2.25  175.  0.0  0.0  0.015  0.0    0.0
C1   117  118  117   0.0   1     0.0 2.25 2.25  171.  0.0  0.0  0.015  0.0    0.0
C1   118  119  118   0.0   1     0.0 2.25 2.25  171.  0.0  0.0  0.015  0.0    0.0
C1   119  120  119   0.0   1     0.0 2.25 2.25  171.  0.0  0.0  0.015  0.0    0.0
C1   120  121  120   0.0   1     0.0 2.25 2.25  171.  0.0  0.0  0.015  0.0    0.0
C1   121  122  121   0.0   1     0.0 2.25 2.25  171.  0.0  0.0  0.015  0.0    0.0
C1   122  123  122   0.0   1     0.0 2.25 2.25  168.  0.0  0.0  0.015  0.0    0.0
C1   123  124  123   0.0   1     0.0 2.25 2.25  168.  0.0  0.0  0.015  0.0    0.0
C1   124  125  124   0.0   1     0.0 2.25 2.25  168.  0.0  0.0  0.015  0.0    0.0
C1   125  126  125   0.0   1     0.0 2.25 2.25  168.  0.0  0.0  0.015  0.0    0.0
C1   126  127  126   0.0   1     0.0 2.25 2.25  168.  0.0  0.0  0.015  0.0    0.0
C1   127  128  127   0.0   1     0.0 2.25 2.25  168.  0.0  0.0  0.015  0.0    0.0
C1   128  129  128   0.0   1     0.0 2.25 2.25  168.  0.0  0.0  0.015  0.0    0.0
C1   129  130  129   0.0   1     0.0 2.25 2.25  168.  0.0  0.0  0.015  0.0    0.0
C1   130  131  130   0.0   1     0.0 2.25 2.25  168.  0.0  0.0  0.015  0.0    0.0
C1   131  132  131   0.0   1     0.0 2.25 2.25  168.  0.0  0.0  0.015  0.0    0.0
C1   132  133  132   0.0   1     0.0 2.25 2.25  168.  0.0  0.0  0.015  0.0    0.0
C1   133  134  133   0.0   1     0.0 2.25 2.25  195.  0.0  0.0  0.015  0.0    0.0
C1   134  135  134   0.0   1     0.0 2.25 2.25  195.  0.0  0.0  0.015  0.0    0.0
C1   135  136  135   0.0   1     0.0 2.25 2.25  195.  0.0  0.0  0.015  0.0    0.0
C1   136  401  136   0.0   1     0.0 0.75 0.75  100.  0.0  1.5  0.015  0.0    0.0
C1   137  201  136   0.0   1     0.0 2.00 2.00  161.  0.0  0.05 0.015  0.0    0.0
C1   138  202  201   0.0   1     0.0 2.00 2.00  161.  0.0  0.0  0.015  0.0    0.0
C1   139  203  202   0.0   1     0.0 2.00 2.00  161.  0.0  0.0  0.015  0.0    0.0
C1   140  204  203   0.0   1     0.0 2.00 2.00  161.  0.0  0.0  0.015  0.0    0.0
C1   141  205  204   0.0   1     0.0 2.00 2.00  161.  0.0  0.0  0.015  0.0    0.0
C1   142  206  205   0.0   1     0.0 2.00 2.00  161.  0.0  0.0  0.015  0.0    0.0
C1   143  207  206   0.0   1     0.0 2.00 2.00  161.  0.0  0.0  0.015  0.0    0.0
C1   144  208  207   0.0   1     0.0 2.00 2.00  161.  0.0  0.0  0.015  0.0    0.0
C1   145  209  208   0.0   1     0.0 2.00 2.00  161.  0.0  0.0  0.015  0.0    0.0
C1   146  501  209   0.0   1     0.0 0.75 0.75  100.  0.0  1.25 0.015  0.0    0.0
C1   147  210  209   0.0   1     0.0 1.75 1.75  137.  0.0  0.05 0.015  0.0    0.0
C1   148  211  210   0.0   1     0.0 1.75 1.75  137.  0.0  0.0  0.015  0.0    0.0
C1   149  212  211   0.0   1     0.0 1.75 1.75  137.  0.0  0.0  0.015  0.0    0.0
C1   150  213  212   0.0   1     0.0 1.75 1.75  156.  0.0  0.0  0.015  0.0    0.0
C1   151  214  213   0.0   1     0.0 1.75 1.75  156.  0.0  0.0  0.015  0.0    0.0
C1   152  215  214   0.0   1     0.0 1.75 1.75  156.  0.0  0.0  0.015  0.0    0.0
C1   153  216  215   0.0   1     0.0 1.75 1.75  156.  0.0  0.0  0.015  0.0    0.0
C1   154  217  216   0.0   1     0.0 1.75 1.75  156.  0.0  0.0  0.015  0.0    0.0
C1   155  217  601   0.0   1     0.0 1.25 1.25  127.  0.5  0.0  0.0079 0.0    0.0
C1   156  602  603   0.0   1     0.0 1.25 1.25  127.  0.0  0.0  0.0133 0.0    0.0
C1   157  218  217   0.0   1     0.0 1.75 1.75  150.  0.0  0.0  0.015  0.0    0.0
C1   158  402  401   0.0   1     0.0 0.75 0.75  100.  0.0  0.0  0.015  0.0    0.0
C1   159  301  218   0.0   1     0.0 1.25 1.25  126.  0.0  0.5  0.015  0.0    0.0
*    JUNCTION DATA
*    JUN   GRELEV   Z    QINST   Y
D1    1     25.3   17.3   0.00   0.01 
D1  101     25.3   17.5   0.00   0.01 
D1  102     25.3   17.58  0.00   0.01 
D1  103     24.5   17.72  0.00   0.01 
D1  104     24.5   17.85  0.00   0.01 
D1  105     24.5   17.99  0.00   0.01 
D1  106     24.5   18.13  0.00   0.01 
D1  107     24.5   18.26  0.00   0.01 
D1  108     24.5   18.40  0.00   0.01 
D1  109     24.5   18.53  0.00   0.01 
D1  110     22.2   18.67  0.00   0.01 
D1  111     22.2   19.05  0.00   0.01 
D1  112     22.2   19.18  0.00   0.01 
D1  113     22.2   19.31  0.00   0.01 
D1  114     22.2   19.44  0.00   0.01 
D1  115     22.2   19.57  0.00   0.01 
D1  116     22.2   19.70  0.00   0.01 
D1  117     22.5   19.83  0.00   0.01 
D1  118     23.0   19.95  0.00   0.01 
D1  119     23.5   20.08  0.00   0.01 
D1  120     24.0   20.20  0.00   0.01 
D1  121     24.5   20.32  0.00   0.01 
D1  122     25.0   20.45  0.00   0.01 
D1  123     25.0   20.58  0.00   0.01 
D1  124     25.5   20.70  0.00   0.01 
D1  125     26.0   20.83  0.00   0.01 
D1  126     27.0   20.95  0.00   0.01 
D1  127     28.0   21.08  0.00   0.01 
D1  128     29.0   21.20  0.00   0.01 
D1  129     30.0   21.33  0.00   0.01 
D1  130     31.0   21.45  0.00   0.01 
D1  131     32.0   21.58  0.00   0.01 
D1  132     33.0   21.70  0.00   0.01 
D1  133     33.6   21.83  0.00   0.01 
D1  134     33.8   21.98  0.00   0.01 
D1  135     34.0   22.13  0.00   0.01 
D1  136     34.3   22.27  0.00   0.01 
D1  201     34.3   22.63  0.00   0.01 
D1  202     34.3   22.74  0.00   0.01 
D1  203     34.3   22.85  0.00   0.01 
D1  204     34.3   22.96  0.00   0.01 
D1  205     34.3   23.07  0.00   0.01 
D1  206     34.3   23.18  0.00   0.01 
D1  207     34.3   23.29  0.00   0.01 
D1  208     34.3   23.40  0.00   0.01 
D1  209     34.3   23.50  0.00   0.01 
D1  210     29.4   23.94  0.00   0.01 
D1  211     29.4   24.12  0.00   0.01 
D1  212     29.4   24.30  0.00   0.01 
D1  213     27.8   23.35  0.00   0.01 
D1  214     27.8   22.40  0.00   0.01 
D1  215     27.8   21.45  0.00   0.01 
D1  216     27.8   20.50  0.00   0.01 
D1  217     27.8   19.55  0.00   0.01 
D1  218     28.4   24.75  0.00   0.01 
D1  401     34.3   31.00  0.00   0.01 
D1  402     34.3   32.00  0.30   0.01 
D1  501     34.3   28.00  0.59   0.01 
D1  601     29.6   24.30  0.00   0.01 
D1  602     18.3   15.50  0.00   0.01 
D1  603     18.3   15.50  0.00   0.01 
D1  301     29.0   26.10  0.00   0.01 
*   WEIR INPUT
*   NJUNC1  NJUNC2 KWEIR YCREST YTOP WLEN  COEF
G1   601     602    1     3.0   4.35  4.0   0.8
*   OUTFALLS WITHOUT TIDE GATES
*   JFREE  NBCF
I1    1     1
I1  603     2
*             BOUNDARY CONDITION INFORMATION
*   NTIDE FOR BOUNDARY CONDITION # 1
J1     1
*   NTIDE FOR BOUNDARY CONDITION # 1
J1     2
J2  15.5
*    HYDROGRAPH INPUT
*    NINC
K1    5
*     INPUT NODES
K2    110 122 136 218 301      
*   TIME(HOURS)  INFLOW
K3  8.0          0.2   0.2   0.2  0.3  0.2
K3  8.20         0.5   0.5   0.5  0.8  0.5
K3  9.00         1.0   1.0   1.0  2.0  1.0
K3  9.30         1.0   2.0   2.0  3.5  2.0
K3  10.0         1.0   2.0   2.0  4.0  2.5
K3  11.0         1.0   2.0   2.1  4.4  2.0
$ENDPROGRAM
