*    Input and Output Files
SW 1, 0, 20
*    Scratch Files
MM 8, 1,2,3,10,11,12,13,14,
@   20  'C:\swmm_crada_files\OUTPUT.MST'
*
#   PLOT_ALL_NODES
#   PLOT_ALL_CONDUITS
#   SWMM5_IMPLICIT
#   USE_INPUT_LENGTHS
*
$ANUM
$EXTRAN
A1   'EXTRAN EXAMPLE # 60 - SYSTEM WITH TWO LEVELS OF SURCHARGE'
A1   'SCHEME 1 AS IN KASSEM THESIS WITH TRAPEZOIDAL INFLOW BY A. Y.'
*
*  ISOL KSUPER
B0  1     0
*   NTCYC DELT TZERO NSTART INTER JNTER REDO
B1  1440   10.0  0.0   160   -1     200    0
*   METRIC NEQUAL  AMEN  ITMAX  SURTOL
B2   0     0       0.0    30    0.25  0.10  1.0
*  NHPRT  NQPRT  NPLT  LPLT   NJSW
B3   2      1     1     1      1
*    PRINT   HEADS
B4   7  8  4  5  6  7  8  9  10 11  12
*    PRINT FLOWS
B5   107  103  104  105  106   107  108  109  110  111   112
*    PLOT HEADS
B6   7  3  4  5  6  7  8  9  10  11   12
*   PLOT FLOWS
B7   107  103  104  105  106  107  108  109  110  111   112
*
B8    1  107
*    CONDUIT DATA
C1  101  1  2  0.0  1  0.0  6.0  0.0  500.0  0.0  0.0  0.013  0.0  0.0
C1  102  2  3  0.0  1  0.0  6.0  0.0  500.0  0.0  0.0  0.013  0.0  0.0
C1  103  3  4  0.0  1  0.0  6.0  0.0  500.0  0.0  0.0  0.013  0.0  0.0
C1  104  4  5  0.0  1  0.0  6.0  0.0  500.0  0.0  0.0  0.013  0.0  0.0
C1  105  5  6  0.0  1  0.0  6.0  0.0  500.0  0.0  0.0  0.013  0.0  0.0
C1  106  6  7  0.0  1  0.0  6.0  0.0  500.0  0.0  0.0  0.013  0.0  0.0
C1  107  7  8  0.0  1  0.0  2.95 0.0  500.0  0.0  0.0  0.013  0.0  0.0
C1  108  8  9  0.0  1  0.0  2.95 0.0  500.0  0.0  0.0  0.013  0.0  0.0
C1  109  9 10  0.0  1  0.0  2.95 0.0  500.0  0.0  0.0  0.013  0.0  0.0
C1  110 10 11  0.0  1  0.0  2.95 0.0  500.0  0.0  0.0  0.013  0.0  0.0
C1  111 11 12  0.0  1  0.0  2.95 0.0  500.0  0.0  0.0  0.013  0.0  0.0
C1  112 12 13  0.0  1  0.0  2.95 0.0  500.0  0.0  0.0  0.013  0.0  0.0
*   JUNCTION  DATA
D1  1    300.0   118.0  0.0  0.0  1000.0  2000.0
D1  2    300.5   117.5  0.0  0.0  1500.0  2100.0
D1  3    300.0   117.0  0.0  0.0  2000.0  2200.0
D1  4    300.5   116.5  0.0  0.0  2500.0  2300.0
D1  5    300.0   116.0  0.0  0.0  3000.0  2400.0
D1  6    300.5   115.5  0.0  0.0  3500.0  2500.0
D1  7    300.0   115.0  0.0  0.0  4000.0  2600.0
D1  8    200.0   114.0  0.0  0.0  4500.0  2700.0
D1  9    200.5   113.5  0.0  0.0  5000.0  2800.0
D1  10   200.0   113.0  0.0  0.0  5500.0  2900.0
D1  11   200.5   112.5  0.0  0.0  6000.0  3000.0
D1  12   200.0   112.0  0.0  0.0  6500.0  3100.0
D1  13   200.5   111.5  0.0  0.0  7000.0  3200.0
I1  13     1
J1  1
K1  1
K2  1
K3  0.0     28.0
K3  0.25    28.0
K3  0.917  108.0
K3  1.583  108.0
K3  2.917   28.0
K3  20.00   28.0
$ENDPROGRAM
