SW   1    9    0                                              
MM   2    8   18                                                                  
@    9  'RUNOFF43.INT'
*
*    Graph example # 8
*
$ANUM
$GRAPH                                                                           
*   NTAPE  NPLOT  MEAS  MFILE  MPLOT  NQP  METRIC MCTH
A1    9      1     1      5     1     5     0      1
*   IPOL  NLOAD   PNAME  PUNIT  NDIM
B1  1      0        ' '   ' '    0
B1  2      0        ' '   ' '    0
B1  3      0        ' '   ' '    0
B1  4      0        ' '   ' '    0
B1  5      0        ' '   ' '    0
C1 'Outlet'
C2 'Outlet'
D1 '  BROWARD COUNTY ..MULTI-FAMILY CATCHMENT. EVENT NUMBER...    1'
E1  1   10   97    0  7.5667       0.0000  0.1333
E2 '(10F8.0)'
   0.000   0.000   0.000   0.000   0.000   0.000   0.000   0.000   0.000   0.000
   1.343   2.867   6.657   9.196   6.455   2.078   4.100   7.612   5.468   3.725
   5.467   2.943  13.596  13.833  14.456  20.675  19.382   8.312   0.000   0.000
   2.160   3.509   3.518   3.505   6.559  10.145   8.743   7.129   6.191   5.680
   5.009   6.152   4.983   1.372   0.287   0.000   0.000   3.340   3.424   4.211
   5.062   4.784   7.058   7.003   6.475   6.002   0.000   3.323  13.318  12.888
   7.995   5.561   9.108  17.172  18.038  11.696  14.189  13.641  11.985  11.961
  20.487  18.268  14.430  10.137   7.122   6.100   1.806   2.144   0.000   2.403
   4.469   3.399   0.000   0.000   2.200   2.623   3.793   0.000   1.882   4.097
   0.462   0.000   0.317   3.209   0.000   2.902   0.000
E1  1    5    0    2  0.0000      99.9000  0.0000
E2 '(10F8.0)'
   9.450 110.000   9.550 110.000   9.700  45.000   9.900  49.000  10.100  11.000
  10.217  26.000  10.500 241.000  10.700 234.000  10.900  24.000  11.150  10.000
  11.450  56.000  11.883  37.000  99.900
E1  1    5    0    2  0.0000      99.9000  0.0000
E2 '(10F8.0)'
   9.450 647.000   9.550 322.000   9.700 189.000   9.900 127.000  10.100 149.000
  10.217  92.000  10.500 629.000  10.700 706.000  10.900 135.000  11.150  53.000
  11.450 148.000  11.883 112.000  99.900
E1  1    5    0    2  0.0000      99.9000  0.0000
E2 '(10F8.0)'
   9.450   1.570   9.550   1.270   9.700   0.940   9.900   0.900  10.100   0.800
  10.217   0.590  10.500   2.670  10.700   2.280  10.900   0.870  11.150   0.680
  11.450   0.960  11.883   0.890  99.900
E1  1    5    0    2  0.0000      99.9000  0.0000
E2 '(10F8.0)'
   9.450 515.000   9.550 234.000   9.700 107.000   9.900  59.000  10.100  79.000
  10.217  40.000  10.500 509.000  10.700 634.000  10.900  49.000  11.150   9.000
  11.450  76.000  11.883  32.000  99.900
E1  1    5    0    2  0.0000      99.9000  0.0000
E2 '(10F8.0)'
   9.450   0.040   9.550   0.060   9.700   0.060   9.900   0.080  10.100   0.100
  10.217   0.100  10.500   0.100  10.700   0.110  10.900   0.130  11.150   0.170
  11.450   0.230  11.883   0.220  99.900
$ENDPROGRAM
