SW   1    9    0                                              
MM   2    8   18                                                                  
@    9  'RUNOFF47.INT'
*
*    Graph example # 12
*
$ANUM
$GRAPH                                                                           
*   NTAPE  NPLOT  MEAS  MFILE  MPLOT  NQP  METRIC MCTH
A1    9      1     1      5     1      6    0      1
*   IPOL  NLOAD   PNAME  PUNIT  NDIM
B1  1      0        ' '   ' '    0
B1  2      0        ' '   ' '    0
B1  3      0        ' '   ' '    0
B1  4      0        ' '   ' '    0
B1  5      0        ' '   ' '    0
B1  1      1        ' '   ' '    0
C1 'Outlet'
C2 'Outlet'
D1 '  BROWARD COUNTY ..MULTI-FAMILY CATCHMENT. EVENT NUMBER...    8'
E1  1   10   95    0  6.5000       0.0000  0.0333
E2 '(10F8.0)'
   0.000   0.000   0.000   0.539   1.813   2.462   2.312   2.134   1.870   1.438
   1.200   1.078   1.011   0.973   0.950   0.937   0.929   0.924   0.921   0.146
   0.000   0.539   1.721   0.984   2.021   5.001   7.808   9.598  10.882   9.814
   8.459   5.589   3.961   5.875   7.634   7.429   4.476   2.365   0.637   0.000
   0.000   0.000   0.000   0.000   0.000   0.000   0.000   0.000   0.000   0.000
   0.116   0.799   0.905   1.121   0.938   0.000   0.000   0.000   0.000   0.000
   0.000   0.000   2.834   7.400   7.649   6.688   5.680   4.607   4.385   6.164
   9.963  14.002  16.067  15.417  14.171  12.748  11.210   9.969   8.716   7.133
   5.703   3.705   1.331   0.000   0.000   0.000   0.000   0.000   0.000   0.000
   0.000   0.000   0.202   0.636   0.737
E1  1    5    0    2  0.0000      99.9000  0.0000
E2 '(10F8.0)'
   8.633  60.000   8.717  24.000   8.767  36.000   8.833  52.000   8.883 110.000
   8.950  43.000   9.017  32.000   9.067  24.000  99.900
E1  1    5    0    2  0.0000      99.9000  0.0000
E2 '(10F8.0)'
   8.633 102.000   8.717  99.000   8.767  94.000   8.833  60.000   8.883  96.000
   8.950 100.000   9.017 114.000   9.067  92.000  99.900
E1  1    5    0    2  0.0000      99.9000  0.0000
E2  '(10F8.0)'
   8.633   0.620   8.717   0.460   8.767   0.450   8.833   0.410   8.883   0.500
   8.950   0.520   9.017   0.600   9.067   0.730  99.900
E1  1    5    0    2  0.0000      99.9000  0.0000
E2 '(10F8.0)'
   8.633   2.000   8.717  11.000   8.767   4.000   8.833   4.000   8.883  14.000
   8.950  26.000   9.017  26.000   9.067  28.000  99.900
E1  1    5    0    2  0.0000      99.9000  0.0000
E2 '(10F8.0)'
   8.633   0.040   8.717   0.040   8.767   0.040   8.833   0.060   8.883   0.050
   8.950   0.040   9.017   0.050   9.067   0.060  99.900
$ENDPROGRAM
